1 -1.1102230246251565e-16 -1.1102230246251565e-16 0.7071067811865475 -0.7071067811865476 0.3000000000000001 1.2 0.29999999999999966 1 00001.png

2 -0.5000000000000001 -0.5 0.4999999999999999 -0.5 0.29999999999999993 1.2 -0.3000000000000003 1 00002.png

3 -0.7071067811865476 -0.7071067811865475 0.0 0.0 -0.3 1.2 -0.30000000000000027 1 00003.png

4 -0.5 -0.49999999999999994 -0.49999999999999994 0.5000000000000001 -0.2999999999999999 1.2 0.2999999999999997 1 00004.png

5 -1.1102230246251565e-16 -1.1102230246251565e-16 0.7071067811865475 -0.7071067811865476 0.30000000000000043 1.2000000000000002 1.3999999999999997 1 00005.png

6 -0.5000000000000001 -0.5 0.4999999999999999 -0.5 1.4000000000000001 1.2 -0.3000000000000006 1 00006.png

7 -0.7071067811865476 -0.7071067811865475 0.0 0.0 -0.3 1.1999999999999997 -1.4000000000000004 1 00007.png

8 -0.5 -0.49999999999999994 -0.49999999999999994 0.5000000000000001 -1.4000000000000001 1.2000000000000002 0.29999999999999977 1 00008.png

9 -1.1102230246251565e-16 -1.1102230246251565e-16 0.7071067811865475 -0.7071067811865476 0.30000000000000077 1.2000000000000006 2.4999999999999996 1 00009.png

10 -0.5000000000000001 -0.5 0.4999999999999999 -0.5 2.5 1.2 -0.3000000000000008 1 00010.png

11 -0.7071067811865476 -0.7071067811865475 0.0 0.0 -0.3 1.1999999999999993 -2.5000000000000004 1 00011.png

12 -0.5 -0.49999999999999994 -0.49999999999999994 0.5000000000000001 -2.5 1.2000000000000002 0.2999999999999998 1 00012.png

13 -1.1102230246251565e-16 -1.1102230246251565e-16 0.7071067811865475 -0.7071067811865476 0.3000000000000011 1.2000000000000008 3.5999999999999996 1 00013.png

14 -0.5000000000000001 -0.5 0.4999999999999999 -0.5 3.6 1.2 -0.30000000000000104 1 00014.png

15 -0.7071067811865476 -0.7071067811865475 0.0 0.0 -0.3 1.199999999999999 -3.6000000000000005 1 00015.png

16 -0.5 -0.49999999999999994 -0.49999999999999994 0.5000000000000001 -3.6 1.2000000000000004 0.29999999999999993 1 00016.png

17 -1.1102230246251565e-16 -1.1102230246251565e-16 0.7071067811865475 -0.7071067811865476 0.3000000000000015 1.200000000000001 4.7 1 00017.png

18 -0.5000000000000001 -0.5 0.4999999999999999 -0.5 4.7 1.2 -0.3000000000000013 1 00018.png

19 -0.7071067811865476 -0.7071067811865475 0.0 0.0 -0.3 1.1999999999999988 -4.7 1 00019.png

20 -0.5 -0.49999999999999994 -0.49999999999999994 0.5000000000000001 -4.7 1.2000000000000004 0.3 1 00020.png

21 -1.1102230246251565e-16 -1.1102230246251565e-16 0.7071067811865475 -0.7071067811865476 1.011111111111111 1.2 0.2999999999999994 1 00021.png

22 -0.5000000000000001 -0.5 0.4999999999999999 -0.5 0.29999999999999977 1.1999999999999997 -1.0111111111111113 1 00022.png

23 -0.7071067811865476 -0.7071067811865475 0.0 0.0 -1.011111111111111 1.2 -0.30000000000000027 1 00023.png

24 -0.5 -0.49999999999999994 -0.49999999999999994 0.5000000000000001 -0.2999999999999998 1.2000000000000002 1.0111111111111108 1 00024.png

25 -1.1102230246251565e-16 -1.1102230246251565e-16 0.7071067811865475 -0.7071067811865476 1.0111111111111115 1.2000000000000002 1.3999999999999995 1 00025.png

26 -0.5000000000000001 -0.5 0.4999999999999999 -0.5 1.4 1.1999999999999997 -1.0111111111111115 1 00026.png

27 -0.7071067811865476 -0.7071067811865475 0.0 0.0 -1.011111111111111 1.1999999999999997 -1.4000000000000004 1 00027.png

28 -0.5 -0.49999999999999994 -0.49999999999999994 0.5000000000000001 -1.4 1.2000000000000004 1.0111111111111108 1 00028.png

29 -1.1102230246251565e-16 -1.1102230246251565e-16 0.7071067811865475 -0.7071067811865476 1.011111111111112 1.2000000000000006 2.4999999999999996 1 00029.png

30 -0.5000000000000001 -0.5 0.4999999999999999 -0.5 2.4999999999999996 1.1999999999999997 -1.011111111111112 1 00030.png

31 -0.7071067811865476 -0.7071067811865475 0.0 0.0 -1.011111111111111 1.1999999999999993 -2.5000000000000004 1 00031.png

32 -0.5 -0.49999999999999994 -0.49999999999999994 0.5000000000000001 -2.5 1.2000000000000004 1.011111111111111 1 00032.png

33 -1.1102230246251565e-16 -1.1102230246251565e-16 0.7071067811865475 -0.7071067811865476 1.0111111111111122 1.2000000000000008 3.5999999999999996 1 00033.png

34 -0.5000000000000001 -0.5 0.4999999999999999 -0.5 3.5999999999999996 1.1999999999999997 -1.0111111111111122 1 00034.png

35 -0.7071067811865476 -0.7071067811865475 0.0 0.0 -1.011111111111111 1.199999999999999 -3.6000000000000005 1 00035.png

36 -0.5 -0.49999999999999994 -0.49999999999999994 0.5000000000000001 -3.6 1.2000000000000006 1.011111111111111 1 00036.png

37 -1.1102230246251565e-16 -1.1102230246251565e-16 0.7071067811865475 -0.7071067811865476 1.0111111111111126 1.200000000000001 4.699999999999999 1 00037.png

38 -0.5000000000000001 -0.5 0.4999999999999999 -0.5 4.7 1.1999999999999997 -1.0111111111111124 1 00038.png

39 -0.7071067811865476 -0.7071067811865475 0.0 0.0 -1.011111111111111 1.1999999999999988 -4.7 1 00039.png

40 -0.5 -0.49999999999999994 -0.49999999999999994 0.5000000000000001 -4.7 1.2000000000000006 1.011111111111111 1 00040.png

41 -1.1102230246251565e-16 -1.1102230246251565e-16 0.7071067811865475 -0.7071067811865476 1.7222222222222223 1.2 0.29999999999999916 1 00041.png

42 -0.5000000000000001 -0.5 0.4999999999999999 -0.5 0.2999999999999996 1.1999999999999995 -1.7222222222222225 1 00042.png

43 -0.7071067811865476 -0.7071067811865475 0.0 0.0 -1.7222222222222223 1.2 -0.30000000000000027 1 00043.png

44 -0.5 -0.49999999999999994 -0.49999999999999994 0.5000000000000001 -0.2999999999999997 1.2000000000000004 1.722222222222222 1 00044.png

45 -1.1102230246251565e-16 -1.1102230246251565e-16 0.7071067811865475 -0.7071067811865476 1.7222222222222228 1.2000000000000002 1.3999999999999992 1 00045.png

46 -0.5000000000000001 -0.5 0.4999999999999999 -0.5 1.3999999999999997 1.1999999999999995 -1.7222222222222228 1 00046.png

47 -0.7071067811865476 -0.7071067811865475 0.0 0.0 -1.7222222222222223 1.1999999999999997 -1.4000000000000004 1 00047.png

48 -0.5 -0.49999999999999994 -0.49999999999999994 0.5000000000000001 -1.4 1.2000000000000006 1.722222222222222 1 00048.png

49 -1.1102230246251565e-16 -1.1102230246251565e-16 0.7071067811865475 -0.7071067811865476 1.7222222222222232 1.2000000000000006 2.499999999999999 1 00049.png

50 -0.5000000000000001 -0.5 0.4999999999999999 -0.5 2.4999999999999996 1.1999999999999995 -1.7222222222222232 1 00050.png

51 -0.7071067811865476 -0.7071067811865475 0.0 0.0 -1.7222222222222223 1.1999999999999993 -2.5000000000000004 1 00051.png

52 -0.5 -0.49999999999999994 -0.49999999999999994 0.5000000000000001 -2.4999999999999996 1.2000000000000006 1.7222222222222223 1 00052.png

53 -1.1102230246251565e-16 -1.1102230246251565e-16 0.7071067811865475 -0.7071067811865476 1.7222222222222234 1.2000000000000008 3.599999999999999 1 00053.png

54 -0.5000000000000001 -0.5 0.4999999999999999 -0.5 3.5999999999999996 1.1999999999999995 -1.7222222222222234 1 00054.png

55 -0.7071067811865476 -0.7071067811865475 0.0 0.0 -1.7222222222222223 1.199999999999999 -3.6000000000000005 1 00055.png

56 -0.5 -0.49999999999999994 -0.49999999999999994 0.5000000000000001 -3.5999999999999996 1.2000000000000008 1.7222222222222223 1 00056.png

57 -1.1102230246251565e-16 -1.1102230246251565e-16 0.7071067811865475 -0.7071067811865476 1.7222222222222239 1.200000000000001 4.699999999999999 1 00057.png

58 -0.5000000000000001 -0.5 0.4999999999999999 -0.5 4.7 1.1999999999999995 -1.7222222222222237 1 00058.png

59 -0.7071067811865476 -0.7071067811865475 0.0 0.0 -1.7222222222222223 1.1999999999999988 -4.7 1 00059.png

60 -0.5 -0.49999999999999994 -0.49999999999999994 0.5000000000000001 -4.7 1.2000000000000008 1.7222222222222223 1 00060.png

61 -1.1102230246251565e-16 -1.1102230246251565e-16 0.7071067811865475 -0.7071067811865476 2.433333333333333 1.2 0.29999999999999893 1 00061.png

62 -0.5000000000000001 -0.5 0.4999999999999999 -0.5 0.29999999999999943 1.1999999999999995 -2.4333333333333336 1 00062.png

63 -0.7071067811865476 -0.7071067811865475 0.0 0.0 -2.433333333333333 1.2 -0.30000000000000027 1 00063.png

64 -0.5 -0.49999999999999994 -0.49999999999999994 0.5000000000000001 -0.29999999999999966 1.2000000000000004 2.4333333333333327 1 00064.png

65 -1.1102230246251565e-16 -1.1102230246251565e-16 0.7071067811865475 -0.7071067811865476 2.4333333333333336 1.2000000000000002 1.399999999999999 1 00065.png

66 -0.5000000000000001 -0.5 0.4999999999999999 -0.5 1.3999999999999997 1.1999999999999995 -2.433333333333334 1 00066.png

67 -0.7071067811865476 -0.7071067811865475 0.0 0.0 -2.433333333333333 1.1999999999999997 -1.4000000000000004 1 00067.png

68 -0.5 -0.49999999999999994 -0.49999999999999994 0.5000000000000001 -1.3999999999999997 1.2000000000000006 2.4333333333333327 1 00068.png

69 -1.1102230246251565e-16 -1.1102230246251565e-16 0.7071067811865475 -0.7071067811865476 2.433333333333334 1.2000000000000006 2.499999999999999 1 00069.png

70 -0.5000000000000001 -0.5 0.4999999999999999 -0.5 2.4999999999999996 1.1999999999999995 -2.433333333333334 1 00070.png

71 -0.7071067811865476 -0.7071067811865475 0.0 0.0 -2.433333333333333 1.1999999999999993 -2.5000000000000004 1 00071.png

72 -0.5 -0.49999999999999994 -0.49999999999999994 0.5000000000000001 -2.4999999999999996 1.2000000000000006 2.4333333333333327 1 00072.png

73 -1.1102230246251565e-16 -1.1102230246251565e-16 0.7071067811865475 -0.7071067811865476 2.4333333333333345 1.2000000000000008 3.599999999999999 1 00073.png

74 -0.5000000000000001 -0.5 0.4999999999999999 -0.5 3.5999999999999996 1.1999999999999995 -2.4333333333333345 1 00074.png

75 -0.7071067811865476 -0.7071067811865475 0.0 0.0 -2.433333333333333 1.199999999999999 -3.6000000000000005 1 00075.png

76 -0.5 -0.49999999999999994 -0.49999999999999994 0.5000000000000001 -3.5999999999999996 1.2000000000000008 2.4333333333333327 1 00076.png

77 -1.1102230246251565e-16 -1.1102230246251565e-16 0.7071067811865475 -0.7071067811865476 2.4333333333333345 1.200000000000001 4.699999999999999 1 00077.png

78 -0.5000000000000001 -0.5 0.4999999999999999 -0.5 4.699999999999999 1.1999999999999995 -2.4333333333333345 1 00078.png

79 -0.7071067811865476 -0.7071067811865475 0.0 0.0 -2.433333333333333 1.1999999999999988 -4.7 1 00079.png

80 -0.5 -0.49999999999999994 -0.49999999999999994 0.5000000000000001 -4.7 1.2000000000000008 2.433333333333333 1 00080.png

81 -1.1102230246251565e-16 -1.1102230246251565e-16 0.7071067811865475 -0.7071067811865476 3.1444444444444444 1.2 0.2999999999999987 1 00081.png

82 -0.5000000000000001 -0.5 0.4999999999999999 -0.5 0.29999999999999927 1.1999999999999993 -3.144444444444445 1 00082.png

83 -0.7071067811865476 -0.7071067811865475 0.0 0.0 -3.1444444444444444 1.2 -0.30000000000000027 1 00083.png

84 -0.5 -0.49999999999999994 -0.49999999999999994 0.5000000000000001 -0.2999999999999996 1.2000000000000006 3.144444444444444 1 00084.png

85 -1.1102230246251565e-16 -1.1102230246251565e-16 0.7071067811865475 -0.7071067811865476 3.144444444444445 1.2000000000000002 1.3999999999999988 1 00085.png

86 -0.5000000000000001 -0.5 0.4999999999999999 -0.5 1.3999999999999995 1.1999999999999993 -3.1444444444444453 1 00086.png

87 -0.7071067811865476 -0.7071067811865475 0.0 0.0 -3.1444444444444444 1.1999999999999997 -1.4000000000000004 1 00087.png

88 -0.5 -0.49999999999999994 -0.49999999999999994 0.5000000000000001 -1.3999999999999997 1.2000000000000008 3.144444444444444 1 00088.png

89 -1.1102230246251565e-16 -1.1102230246251565e-16 0.7071067811865475 -0.7071067811865476 3.1444444444444453 1.2000000000000006 2.4999999999999987 1 00089.png

90 -0.5000000000000001 -0.5 0.4999999999999999 -0.5 2.499999999999999 1.1999999999999993 -3.1444444444444453 1 00090.png

91 -0.7071067811865476 -0.7071067811865475 0.0 0.0 -3.1444444444444444 1.1999999999999993 -2.5000000000000004 1 00091.png

92 -0.5 -0.49999999999999994 -0.49999999999999994 0.5000000000000001 -2.4999999999999996 1.2000000000000008 3.144444444444444 1 00092.png

93 -1.1102230246251565e-16 -1.1102230246251565e-16 0.7071067811865475 -0.7071067811865476 3.1444444444444457 1.2000000000000008 3.5999999999999988 1 00093.png

94 -0.5000000000000001 -0.5 0.4999999999999999 -0.5 3.599999999999999 1.1999999999999993 -3.1444444444444457 1 00094.png

95 -0.7071067811865476 -0.7071067811865475 0.0 0.0 -3.1444444444444444 1.199999999999999 -3.6000000000000005 1 00095.png

96 -0.5 -0.49999999999999994 -0.49999999999999994 0.5000000000000001 -3.5999999999999996 1.200000000000001 3.144444444444444 1 00096.png

97 -1.1102230246251565e-16 -1.1102230246251565e-16 0.7071067811865475 -0.7071067811865476 3.1444444444444457 1.200000000000001 4.699999999999999 1 00097.png

98 -0.5000000000000001 -0.5 0.4999999999999999 -0.5 4.699999999999999 1.1999999999999993 -3.1444444444444457 1 00098.png

99 -0.7071067811865476 -0.7071067811865475 0.0 0.0 -3.1444444444444444 1.1999999999999988 -4.7 1 00099.png

100 -0.5 -0.49999999999999994 -0.49999999999999994 0.5000000000000001 -4.7 1.200000000000001 3.1444444444444444 1 00100.png

101 -1.1102230246251565e-16 -1.1102230246251565e-16 0.7071067811865475 -0.7071067811865476 3.8555555555555556 1.2 0.2999999999999985 1 00101.png

102 -0.5000000000000001 -0.5 0.4999999999999999 -0.5 0.29999999999999916 1.199999999999999 -3.855555555555556 1 00102.png

103 -0.7071067811865476 -0.7071067811865475 0.0 0.0 -3.8555555555555556 1.2 -0.30000000000000027 1 00103.png

104 -0.5 -0.49999999999999994 -0.49999999999999994 0.5000000000000001 -0.2999999999999995 1.2000000000000008 3.855555555555555 1 00104.png

105 -1.1102230246251565e-16 -1.1102230246251565e-16 0.7071067811865475 -0.7071067811865476 3.855555555555556 1.2000000000000002 1.3999999999999986 1 00105.png

106 -0.5000000000000001 -0.5 0.4999999999999999 -0.5 1.3999999999999992 1.199999999999999 -3.8555555555555565 1 00106.png

107 -0.7071067811865476 -0.7071067811865475 0.0 0.0 -3.8555555555555556 1.1999999999999997 -1.4000000000000004 1 00107.png

108 -0.5 -0.49999999999999994 -0.49999999999999994 0.5000000000000001 -1.3999999999999997 1.200000000000001 3.855555555555555 1 00108.png

109 -1.1102230246251565e-16 -1.1102230246251565e-16 0.7071067811865475 -0.7071067811865476 3.8555555555555565 1.2000000000000006 2.4999999999999987 1 00109.png

110 -0.5000000000000001 -0.5 0.4999999999999999 -0.5 2.499999999999999 1.199999999999999 -3.8555555555555565 1 00110.png

111 -0.7071067811865476 -0.7071067811865475 0.0 0.0 -3.8555555555555556 1.1999999999999993 -2.5000000000000004 1 00111.png

112 -0.5 -0.49999999999999994 -0.49999999999999994 0.5000000000000001 -2.4999999999999996 1.200000000000001 3.855555555555555 1 00112.png

113 -1.1102230246251565e-16 -1.1102230246251565e-16 0.7071067811865475 -0.7071067811865476 3.855555555555557 1.2000000000000008 3.5999999999999988 1 00113.png

114 -0.5000000000000001 -0.5 0.4999999999999999 -0.5 3.599999999999999 1.199999999999999 -3.855555555555557 1 00114.png

115 -0.7071067811865476 -0.7071067811865475 0.0 0.0 -3.8555555555555556 1.199999999999999 -3.6000000000000005 1 00115.png

116 -0.5 -0.49999999999999994 -0.49999999999999994 0.5000000000000001 -3.5999999999999996 1.2000000000000013 3.855555555555555 1 00116.png

117 -1.1102230246251565e-16 -1.1102230246251565e-16 0.7071067811865475 -0.7071067811865476 3.855555555555557 1.200000000000001 4.699999999999998 1 00117.png

118 -0.5000000000000001 -0.5 0.4999999999999999 -0.5 4.699999999999999 1.199999999999999 -3.855555555555557 1 00118.png

119 -0.7071067811865476 -0.7071067811865475 0.0 0.0 -3.8555555555555556 1.1999999999999988 -4.7 1 00119.png

120 -0.5 -0.49999999999999994 -0.49999999999999994 0.5000000000000001 -4.699999999999999 1.2000000000000013 3.8555555555555556 1 00120.png

121 -1.1102230246251565e-16 -1.1102230246251565e-16 0.7071067811865475 -0.7071067811865476 4.566666666666666 1.2 0.29999999999999827 1 00121.png

122 -0.5000000000000001 -0.5 0.4999999999999999 -0.5 0.299999999999999 1.1999999999999988 -4.566666666666666 1 00122.png

123 -0.7071067811865476 -0.7071067811865475 0.0 0.0 -4.566666666666666 1.2 -0.30000000000000027 1 00123.png

124 -0.5 -0.49999999999999994 -0.49999999999999994 0.5000000000000001 -0.29999999999999943 1.200000000000001 4.566666666666666 1 00124.png

125 -1.1102230246251565e-16 -1.1102230246251565e-16 0.7071067811865475 -0.7071067811865476 4.566666666666666 1.2000000000000002 1.3999999999999984 1 00125.png

126 -0.5000000000000001 -0.5 0.4999999999999999 -0.5 1.399999999999999 1.1999999999999988 -4.566666666666666 1 00126.png

127 -0.7071067811865476 -0.7071067811865475 0.0 0.0 -4.566666666666666 1.1999999999999997 -1.4000000000000004 1 00127.png

128 -0.5 -0.49999999999999994 -0.49999999999999994 0.5000000000000001 -1.3999999999999995 1.2000000000000013 4.566666666666666 1 00128.png

129 -1.1102230246251565e-16 -1.1102230246251565e-16 0.7071067811865475 -0.7071067811865476 4.566666666666667 1.2000000000000006 2.4999999999999982 1 00129.png

130 -0.5000000000000001 -0.5 0.4999999999999999 -0.5 2.499999999999999 1.1999999999999988 -4.566666666666667 1 00130.png

131 -0.7071067811865476 -0.7071067811865475 0.0 0.0 -4.566666666666666 1.1999999999999993 -2.5000000000000004 1 00131.png

132 -0.5 -0.49999999999999994 -0.49999999999999994 0.5000000000000001 -2.4999999999999996 1.2000000000000013 4.566666666666666 1 00132.png

133 -1.1102230246251565e-16 -1.1102230246251565e-16 0.7071067811865475 -0.7071067811865476 4.566666666666667 1.2000000000000008 3.5999999999999983 1 00133.png

134 -0.5000000000000001 -0.5 0.4999999999999999 -0.5 3.599999999999999 1.1999999999999988 -4.566666666666667 1 00134.png

135 -0.7071067811865476 -0.7071067811865475 0.0 0.0 -4.566666666666666 1.199999999999999 -3.6000000000000005 1 00135.png

136 -0.5 -0.49999999999999994 -0.49999999999999994 0.5000000000000001 -3.5999999999999996 1.2000000000000015 4.566666666666666 1 00136.png

137 -1.1102230246251565e-16 -1.1102230246251565e-16 0.7071067811865475 -0.7071067811865476 4.566666666666668 1.200000000000001 4.699999999999998 1 00137.png

138 -0.5000000000000001 -0.5 0.4999999999999999 -0.5 4.699999999999999 1.1999999999999988 -4.566666666666667 1 00138.png

139 -0.7071067811865476 -0.7071067811865475 0.0 0.0 -4.566666666666666 1.1999999999999988 -4.7 1 00139.png

140 -0.5 -0.49999999999999994 -0.49999999999999994 0.5000000000000001 -4.699999999999999 1.2000000000000015 4.566666666666666 1 00140.png

141 -1.1102230246251565e-16 -1.1102230246251565e-16 0.7071067811865475 -0.7071067811865476 5.277777777777778 1.2 0.29999999999999805 1 00141.png

142 -0.5000000000000001 -0.5 0.4999999999999999 -0.5 0.2999999999999988 1.1999999999999988 -5.277777777777778 1 00142.png

143 -0.7071067811865476 -0.7071067811865475 0.0 0.0 -5.277777777777778 1.2 -0.30000000000000027 1 00143.png

144 -0.5 -0.49999999999999994 -0.49999999999999994 0.5000000000000001 -0.2999999999999993 1.200000000000001 5.277777777777778 1 00144.png

145 -1.1102230246251565e-16 -1.1102230246251565e-16 0.7071067811865475 -0.7071067811865476 5.277777777777778 1.2000000000000002 1.3999999999999981 1 00145.png

146 -0.5000000000000001 -0.5 0.4999999999999999 -0.5 1.399999999999999 1.1999999999999988 -5.277777777777778 1 00146.png

147 -0.7071067811865476 -0.7071067811865475 0.0 0.0 -5.277777777777778 1.1999999999999997 -1.4000000000000004 1 00147.png

148 -0.5 -0.49999999999999994 -0.49999999999999994 0.5000000000000001 -1.3999999999999995 1.2000000000000013 5.277777777777778 1 00148.png

149 -1.1102230246251565e-16 -1.1102230246251565e-16 0.7071067811865475 -0.7071067811865476 5.277777777777779 1.2000000000000006 2.4999999999999982 1 00149.png

150 -0.5000000000000001 -0.5 0.4999999999999999 -0.5 2.4999999999999987 1.1999999999999988 -5.277777777777779 1 00150.png

151 -0.7071067811865476 -0.7071067811865475 0.0 0.0 -5.277777777777778 1.1999999999999993 -2.5000000000000004 1 00151.png

152 -0.5 -0.49999999999999994 -0.49999999999999994 0.5000000000000001 -2.4999999999999996 1.2000000000000013 5.277777777777778 1 00152.png

153 -1.1102230246251565e-16 -1.1102230246251565e-16 0.7071067811865475 -0.7071067811865476 5.277777777777779 1.2000000000000008 3.5999999999999983 1 00153.png

154 -0.5000000000000001 -0.5 0.4999999999999999 -0.5 3.5999999999999988 1.1999999999999988 -5.277777777777779 1 00154.png

155 -0.7071067811865476 -0.7071067811865475 0.0 0.0 -5.277777777777778 1.199999999999999 -3.6000000000000005 1 00155.png

156 -0.5 -0.49999999999999994 -0.49999999999999994 0.5000000000000001 -3.5999999999999996 1.2000000000000015 5.277777777777778 1 00156.png

157 -1.1102230246251565e-16 -1.1102230246251565e-16 0.7071067811865475 -0.7071067811865476 5.2777777777777795 1.200000000000001 4.699999999999998 1 00157.png

158 -0.5000000000000001 -0.5 0.4999999999999999 -0.5 4.699999999999999 1.1999999999999988 -5.277777777777779 1 00158.png

159 -0.7071067811865476 -0.7071067811865475 0.0 0.0 -5.277777777777778 1.1999999999999988 -4.7 1 00159.png

160 -0.5 -0.49999999999999994 -0.49999999999999994 0.5000000000000001 -4.699999999999999 1.2000000000000015 5.277777777777778 1 00160.png

161 -1.1102230246251565e-16 -1.1102230246251565e-16 0.7071067811865475 -0.7071067811865476 5.988888888888889 1.2 0.2999999999999978 1 00161.png

162 -0.5000000000000001 -0.5 0.4999999999999999 -0.5 0.29999999999999866 1.1999999999999986 -5.988888888888889 1 00162.png

163 -0.7071067811865476 -0.7071067811865475 0.0 0.0 -5.988888888888889 1.2 -0.30000000000000027 1 00163.png

164 -0.5 -0.49999999999999994 -0.49999999999999994 0.5000000000000001 -0.29999999999999927 1.2000000000000013 5.988888888888889 1 00164.png

165 -1.1102230246251565e-16 -1.1102230246251565e-16 0.7071067811865475 -0.7071067811865476 5.988888888888889 1.2000000000000002 1.399999999999998 1 00165.png

166 -0.5000000000000001 -0.5 0.4999999999999999 -0.5 1.3999999999999988 1.1999999999999986 -5.988888888888889 1 00166.png

167 -0.7071067811865476 -0.7071067811865475 0.0 0.0 -5.988888888888889 1.1999999999999997 -1.4000000000000004 1 00167.png

168 -0.5 -0.49999999999999994 -0.49999999999999994 0.5000000000000001 -1.3999999999999995 1.2000000000000015 5.988888888888889 1 00168.png

169 -1.1102230246251565e-16 -1.1102230246251565e-16 0.7071067811865475 -0.7071067811865476 5.98888888888889 1.2000000000000006 2.499999999999998 1 00169.png

170 -0.5000000000000001 -0.5 0.4999999999999999 -0.5 2.4999999999999987 1.1999999999999986 -5.98888888888889 1 00170.png

171 -0.7071067811865476 -0.7071067811865475 0.0 0.0 -5.988888888888889 1.1999999999999993 -2.5000000000000004 1 00171.png

172 -0.5 -0.49999999999999994 -0.49999999999999994 0.5000000000000001 -2.499999999999999 1.2000000000000015 5.988888888888889 1 00172.png

173 -1.1102230246251565e-16 -1.1102230246251565e-16 0.7071067811865475 -0.7071067811865476 5.98888888888889 1.2000000000000008 3.599999999999998 1 00173.png

174 -0.5000000000000001 -0.5 0.4999999999999999 -0.5 3.5999999999999988 1.1999999999999986 -5.98888888888889 1 00174.png

175 -0.7071067811865476 -0.7071067811865475 0.0 0.0 -5.988888888888889 1.199999999999999 -3.6000000000000005 1 00175.png

176 -0.5 -0.49999999999999994 -0.49999999999999994 0.5000000000000001 -3.599999999999999 1.2000000000000017 5.988888888888889 1 00176.png

177 -1.1102230246251565e-16 -1.1102230246251565e-16 0.7071067811865475 -0.7071067811865476 5.988888888888891 1.200000000000001 4.699999999999998 1 00177.png

178 -0.5000000000000001 -0.5 0.4999999999999999 -0.5 4.699999999999999 1.1999999999999986 -5.98888888888889 1 00178.png

179 -0.7071067811865476 -0.7071067811865475 0.0 0.0 -5.988888888888889 1.1999999999999988 -4.7 1 00179.png

180 -0.5 -0.49999999999999994 -0.49999999999999994 0.5000000000000001 -4.699999999999999 1.2000000000000017 5.988888888888889 1 00180.png

181 -1.1102230246251565e-16 -1.1102230246251565e-16 0.7071067811865475 -0.7071067811865476 6.7 1.2 0.2999999999999976 1 00181.png

182 -0.5000000000000001 -0.5 0.4999999999999999 -0.5 0.2999999999999985 1.1999999999999984 -6.7 1 00182.png

183 -0.7071067811865476 -0.7071067811865475 0.0 0.0 -6.7 1.2 -0.30000000000000027 1 00183.png

184 -0.5 -0.49999999999999994 -0.49999999999999994 0.5000000000000001 -0.29999999999999916 1.2000000000000015 6.7 1 00184.png

185 -1.1102230246251565e-16 -1.1102230246251565e-16 0.7071067811865475 -0.7071067811865476 6.7 1.2000000000000002 1.3999999999999977 1 00185.png

186 -0.5000000000000001 -0.5 0.4999999999999999 -0.5 1.3999999999999986 1.1999999999999984 -6.7 1 00186.png

187 -0.7071067811865476 -0.7071067811865475 0.0 0.0 -6.7 1.1999999999999997 -1.4000000000000004 1 00187.png

188 -0.5 -0.49999999999999994 -0.49999999999999994 0.5000000000000001 -1.3999999999999992 1.2000000000000017 6.7 1 00188.png

189 -1.1102230246251565e-16 -1.1102230246251565e-16 0.7071067811865475 -0.7071067811865476 6.700000000000001 1.2000000000000006 2.499999999999998 1 00189.png

190 -0.5000000000000001 -0.5 0.4999999999999999 -0.5 2.4999999999999987 1.1999999999999984 -6.700000000000001 1 00190.png

191 -0.7071067811865476 -0.7071067811865475 0.0 0.0 -6.7 1.1999999999999993 -2.5000000000000004 1 00191.png

192 -0.5 -0.49999999999999994 -0.49999999999999994 0.5000000000000001 -2.499999999999999 1.2000000000000017 6.7 1 00192.png

193 -1.1102230246251565e-16 -1.1102230246251565e-16 0.7071067811865475 -0.7071067811865476 6.700000000000001 1.2000000000000008 3.599999999999998 1 00193.png

194 -0.5000000000000001 -0.5 0.4999999999999999 -0.5 3.5999999999999988 1.1999999999999984 -6.700000000000001 1 00194.png

195 -0.7071067811865476 -0.7071067811865475 0.0 0.0 -6.7 1.199999999999999 -3.6000000000000005 1 00195.png

196 -0.5 -0.49999999999999994 -0.49999999999999994 0.5000000000000001 -3.599999999999999 1.200000000000002 6.7 1 00196.png

197 -1.1102230246251565e-16 -1.1102230246251565e-16 0.7071067811865475 -0.7071067811865476 6.700000000000002 1.200000000000001 4.6999999999999975 1 00197.png

198 -0.5000000000000001 -0.5 0.4999999999999999 -0.5 4.699999999999998 1.1999999999999984 -6.700000000000001 1 00198.png

199 -0.7071067811865476 -0.7071067811865475 0.0 0.0 -6.7 1.1999999999999988 -4.7 1 00199.png

200 -0.5 -0.49999999999999994 -0.49999999999999994 0.5000000000000001 -4.699999999999999 1.200000000000002 6.7 1 00200.png

