991 0.50000000 0.50000000 -0.50000000 0.50000000 1.80000000 0.50000000 -3.80000000 1 pos_X3.8_Y1.8_Z0.5_Yaw0.png
992 0.68301270 0.68301270 0.18301270 -0.18301270 -4.19089653 0.50000000 0.34115427 1 pos_X3.8_Y1.8_Z0.5_Yaw120.png
993 -0.18301270 -0.18301270 -0.68301270 0.68301270 2.39089653 0.50000000 3.45884573 1 pos_X3.8_Y1.8_Z0.5_Yaw240.png
994 0.50000000 0.50000000 -0.50000000 0.50000000 1.80000000 1.00000000 -3.80000000 1 pos_X3.8_Y1.8_Z1.0_Yaw0.png
995 0.68301270 0.68301270 0.18301270 -0.18301270 -4.19089653 1.00000000 0.34115427 1 pos_X3.8_Y1.8_Z1.0_Yaw120.png
996 -0.18301270 -0.18301270 -0.68301270 0.68301270 2.39089653 1.00000000 3.45884573 1 pos_X3.8_Y1.8_Z1.0_Yaw240.png
997 0.50000000 0.50000000 -0.50000000 0.50000000 1.80000000 1.50000000 -3.80000000 1 pos_X3.8_Y1.8_Z1.5_Yaw0.png
998 0.68301270 0.68301270 0.18301270 -0.18301270 -4.19089653 1.50000000 0.34115427 1 pos_X3.8_Y1.8_Z1.5_Yaw120.png
999 -0.18301270 -0.18301270 -0.68301270 0.68301270 2.39089653 1.50000000 3.45884573 1 pos_X3.8_Y1.8_Z1.5_Yaw240.png
1000 0.50000000 0.50000000 -0.50000000 0.50000000 1.80000000 2.00000000 -3.80000000 1 pos_X3.8_Y1.8_Z2.0_Yaw0.png
1001 0.68301270 0.68301270 0.18301270 -0.18301270 -4.19089653 2.00000000 0.34115427 1 pos_X3.8_Y1.8_Z2.0_Yaw120.png
1002 -0.18301270 -0.18301270 -0.68301270 0.68301270 2.39089653 2.00000000 3.45884573 1 pos_X3.8_Y1.8_Z2.0_Yaw240.png
1003 0.50000000 0.50000000 -0.50000000 0.50000000 1.80000000 2.50000000 -3.80000000 1 pos_X3.8_Y1.8_Z2.5_Yaw0.png
1004 0.68301270 0.68301270 0.18301270 -0.18301270 -4.19089653 2.50000000 0.34115427 1 pos_X3.8_Y1.8_Z2.5_Yaw120.png
1005 -0.18301270 -0.18301270 -0.68301270 0.68301270 2.39089653 2.50000000 3.45884573 1 pos_X3.8_Y1.8_Z2.5_Yaw240.png
1006 0.50000000 0.50000000 -0.50000000 0.50000000 2.30000000 0.50000000 -3.80000000 1 pos_X3.8_Y2.3_Z0.5_Yaw0.png
1007 0.68301270 0.68301270 0.18301270 -0.18301270 -4.44089653 0.50000000 -0.09185843 1 pos_X3.8_Y2.3_Z0.5_Yaw120.png
1008 -0.18301270 -0.18301270 -0.68301270 0.68301270 2.14089653 0.50000000 3.89185843 1 pos_X3.8_Y2.3_Z0.5_Yaw240.png
1009 0.50000000 0.50000000 -0.50000000 0.50000000 2.30000000 1.00000000 -3.80000000 1 pos_X3.8_Y2.3_Z1.0_Yaw0.png
1010 0.68301270 0.68301270 0.18301270 -0.18301270 -4.44089653 1.00000000 -0.09185843 1 pos_X3.8_Y2.3_Z1.0_Yaw120.png
1011 -0.18301270 -0.18301270 -0.68301270 0.68301270 2.14089653 1.00000000 3.89185843 1 pos_X3.8_Y2.3_Z1.0_Yaw240.png
1012 0.50000000 0.50000000 -0.50000000 0.50000000 2.30000000 1.50000000 -3.80000000 1 pos_X3.8_Y2.3_Z1.5_Yaw0.png
1013 0.68301270 0.68301270 0.18301270 -0.18301270 -4.44089653 1.50000000 -0.09185843 1 pos_X3.8_Y2.3_Z1.5_Yaw120.png
1014 -0.18301270 -0.18301270 -0.68301270 0.68301270 2.14089653 1.50000000 3.89185843 1 pos_X3.8_Y2.3_Z1.5_Yaw240.png
1015 0.50000000 0.50000000 -0.50000000 0.50000000 2.30000000 2.00000000 -3.80000000 1 pos_X3.8_Y2.3_Z2.0_Yaw0.png
1016 0.68301270 0.68301270 0.18301270 -0.18301270 -4.44089653 2.00000000 -0.09185843 1 pos_X3.8_Y2.3_Z2.0_Yaw120.png
1017 -0.18301270 -0.18301270 -0.68301270 0.68301270 2.14089653 2.00000000 3.89185843 1 pos_X3.8_Y2.3_Z2.0_Yaw240.png
1018 0.50000000 0.50000000 -0.50000000 0.50000000 2.30000000 2.50000000 -3.80000000 1 pos_X3.8_Y2.3_Z2.5_Yaw0.png
1019 0.68301270 0.68301270 0.18301270 -0.18301270 -4.44089653 2.50000000 -0.09185843 1 pos_X3.8_Y2.3_Z2.5_Yaw120.png
1020 -0.18301270 -0.18301270 -0.68301270 0.68301270 2.14089653 2.50000000 3.89185843 1 pos_X3.8_Y2.3_Z2.5_Yaw240.png
1021 0.50000000 0.50000000 -0.50000000 0.50000000 2.80000000 0.50000000 -3.80000000 1 pos_X3.8_Y2.8_Z0.5_Yaw0.png
1022 0.68301270 0.68301270 0.18301270 -0.18301270 -4.69089653 0.50000000 -0.52487113 1 pos_X3.8_Y2.8_Z0.5_Yaw120.png
1023 -0.18301270 -0.18301270 -0.68301270 0.68301270 1.89089653 0.50000000 4.32487113 1 pos_X3.8_Y2.8_Z0.5_Yaw240.png
1024 0.50000000 0.50000000 -0.50000000 0.50000000 2.80000000 1.00000000 -3.80000000 1 pos_X3.8_Y2.8_Z1.0_Yaw0.png
1025 0.68301270 0.68301270 0.18301270 -0.18301270 -4.69089653 1.00000000 -0.52487113 1 pos_X3.8_Y2.8_Z1.0_Yaw120.png
1026 -0.18301270 -0.18301270 -0.68301270 0.68301270 1.89089653 1.00000000 4.32487113 1 pos_X3.8_Y2.8_Z1.0_Yaw240.png
1027 0.50000000 0.50000000 -0.50000000 0.50000000 2.80000000 1.50000000 -3.80000000 1 pos_X3.8_Y2.8_Z1.5_Yaw0.png
1028 0.68301270 0.68301270 0.18301270 -0.18301270 -4.69089653 1.50000000 -0.52487113 1 pos_X3.8_Y2.8_Z1.5_Yaw120.png
1029 -0.18301270 -0.18301270 -0.68301270 0.68301270 1.89089653 1.50000000 4.32487113 1 pos_X3.8_Y2.8_Z1.5_Yaw240.png
1030 0.50000000 0.50000000 -0.50000000 0.50000000 2.80000000 2.00000000 -3.80000000 1 pos_X3.8_Y2.8_Z2.0_Yaw0.png
1031 0.68301270 0.68301270 0.18301270 -0.18301270 -4.69089653 2.00000000 -0.52487113 1 pos_X3.8_Y2.8_Z2.0_Yaw120.png
1032 -0.18301270 -0.18301270 -0.68301270 0.68301270 1.89089653 2.00000000 4.32487113 1 pos_X3.8_Y2.8_Z2.0_Yaw240.png
1033 0.50000000 0.50000000 -0.50000000 0.50000000 2.80000000 2.50000000 -3.80000000 1 pos_X3.8_Y2.8_Z2.5_Yaw0.png
1034 0.68301270 0.68301270 0.18301270 -0.18301270 -4.69089653 2.50000000 -0.52487113 1 pos_X3.8_Y2.8_Z2.5_Yaw120.png
1035 -0.18301270 -0.18301270 -0.68301270 0.68301270 1.89089653 2.50000000 4.32487113 1 pos_X3.8_Y2.8_Z2.5_Yaw240.png
1036 0.50000000 0.50000000 -0.50000000 0.50000000 3.30000000 0.50000000 -3.80000000 1 pos_X3.8_Y3.3_Z0.5_Yaw0.png
1037 0.68301270 0.68301270 0.18301270 -0.18301270 -4.94089653 0.50000000 -0.95788383 1 pos_X3.8_Y3.3_Z0.5_Yaw120.png
1038 -0.18301270 -0.18301270 -0.68301270 0.68301270 1.64089653 0.50000000 4.75788383 1 pos_X3.8_Y3.3_Z0.5_Yaw240.png
1039 0.50000000 0.50000000 -0.50000000 0.50000000 3.30000000 1.00000000 -3.80000000 1 pos_X3.8_Y3.3_Z1.0_Yaw0.png
1040 0.68301270 0.68301270 0.18301270 -0.18301270 -4.94089653 1.00000000 -0.95788383 1 pos_X3.8_Y3.3_Z1.0_Yaw120.png
1041 -0.18301270 -0.18301270 -0.68301270 0.68301270 1.64089653 1.00000000 4.75788383 1 pos_X3.8_Y3.3_Z1.0_Yaw240.png
1042 0.50000000 0.50000000 -0.50000000 0.50000000 3.30000000 1.50000000 -3.80000000 1 pos_X3.8_Y3.3_Z1.5_Yaw0.png
1043 0.68301270 0.68301270 0.18301270 -0.18301270 -4.94089653 1.50000000 -0.95788383 1 pos_X3.8_Y3.3_Z1.5_Yaw120.png
1044 -0.18301270 -0.18301270 -0.68301270 0.68301270 1.64089653 1.50000000 4.75788383 1 pos_X3.8_Y3.3_Z1.5_Yaw240.png
1045 0.50000000 0.50000000 -0.50000000 0.50000000 3.30000000 2.00000000 -3.80000000 1 pos_X3.8_Y3.3_Z2.0_Yaw0.png
1046 0.68301270 0.68301270 0.18301270 -0.18301270 -4.94089653 2.00000000 -0.95788383 1 pos_X3.8_Y3.3_Z2.0_Yaw120.png
1047 -0.18301270 -0.18301270 -0.68301270 0.68301270 1.64089653 2.00000000 4.75788383 1 pos_X3.8_Y3.3_Z2.0_Yaw240.png
1048 0.50000000 0.50000000 -0.50000000 0.50000000 3.30000000 2.50000000 -3.80000000 1 pos_X3.8_Y3.3_Z2.5_Yaw0.png
1049 0.68301270 0.68301270 0.18301270 -0.18301270 -4.94089653 2.50000000 -0.95788383 1 pos_X3.8_Y3.3_Z2.5_Yaw120.png
1050 -0.18301270 -0.18301270 -0.68301270 0.68301270 1.64089653 2.50000000 4.75788383 1 pos_X3.8_Y3.3_Z2.5_Yaw240.png
1051 0.50000000 0.50000000 -0.50000000 0.50000000 3.80000000 0.50000000 -3.80000000 1 pos_X3.8_Y3.8_Z0.5_Yaw0.png
1052 0.68301270 0.68301270 0.18301270 -0.18301270 -5.19089653 0.50000000 -1.39089653 1 pos_X3.8_Y3.8_Z0.5_Yaw120.png
1053 -0.18301270 -0.18301270 -0.68301270 0.68301270 1.39089653 0.50000000 5.19089653 1 pos_X3.8_Y3.8_Z0.5_Yaw240.png
1054 0.50000000 0.50000000 -0.50000000 0.50000000 3.80000000 1.00000000 -3.80000000 1 pos_X3.8_Y3.8_Z1.0_Yaw0.png
1055 0.68301270 0.68301270 0.18301270 -0.18301270 -5.19089653 1.00000000 -1.39089653 1 pos_X3.8_Y3.8_Z1.0_Yaw120.png
1056 -0.18301270 -0.18301270 -0.68301270 0.68301270 1.39089653 1.00000000 5.19089653 1 pos_X3.8_Y3.8_Z1.0_Yaw240.png
1057 0.50000000 0.50000000 -0.50000000 0.50000000 3.80000000 1.50000000 -3.80000000 1 pos_X3.8_Y3.8_Z1.5_Yaw0.png
1058 0.68301270 0.68301270 0.18301270 -0.18301270 -5.19089653 1.50000000 -1.39089653 1 pos_X3.8_Y3.8_Z1.5_Yaw120.png
1059 -0.18301270 -0.18301270 -0.68301270 0.68301270 1.39089653 1.50000000 5.19089653 1 pos_X3.8_Y3.8_Z1.5_Yaw240.png
1060 0.50000000 0.50000000 -0.50000000 0.50000000 3.80000000 2.00000000 -3.80000000 1 pos_X3.8_Y3.8_Z2.0_Yaw0.png
1061 0.68301270 0.68301270 0.18301270 -0.18301270 -5.19089653 2.00000000 -1.39089653 1 pos_X3.8_Y3.8_Z2.0_Yaw120.png
1062 -0.18301270 -0.18301270 -0.68301270 0.68301270 1.39089653 2.00000000 5.19089653 1 pos_X3.8_Y3.8_Z2.0_Yaw240.png
1063 0.50000000 0.50000000 -0.50000000 0.50000000 3.80000000 2.50000000 -3.80000000 1 pos_X3.8_Y3.8_Z2.5_Yaw0.png
1064 0.68301270 0.68301270 0.18301270 -0.18301270 -5.19089653 2.50000000 -1.39089653 1 pos_X3.8_Y3.8_Z2.5_Yaw120.png
1065 -0.18301270 -0.18301270 -0.68301270 0.68301270 1.39089653 2.50000000 5.19089653 1 pos_X3.8_Y3.8_Z2.5_Yaw240.png
1126 0.50000000 0.50000000 -0.50000000 0.50000000 1.80000000 0.50000000 -4.30000000 1 pos_X4.3_Y1.8_Z0.5_Yaw0.png
1127 0.68301270 0.68301270 0.18301270 -0.18301270 -4.62390924 0.50000000 0.59115427 1 pos_X4.3_Y1.8_Z0.5_Yaw120.png
1128 -0.18301270 -0.18301270 -0.68301270 0.68301270 2.82390924 0.50000000 3.70884573 1 pos_X4.3_Y1.8_Z0.5_Yaw240.png
1129 0.50000000 0.50000000 -0.50000000 0.50000000 1.80000000 1.00000000 -4.30000000 1 pos_X4.3_Y1.8_Z1.0_Yaw0.png
1130 0.68301270 0.68301270 0.18301270 -0.18301270 -4.62390924 1.00000000 0.59115427 1 pos_X4.3_Y1.8_Z1.0_Yaw120.png
1131 -0.18301270 -0.18301270 -0.68301270 0.68301270 2.82390924 1.00000000 3.70884573 1 pos_X4.3_Y1.8_Z1.0_Yaw240.png
1132 0.50000000 0.50000000 -0.50000000 0.50000000 1.80000000 1.50000000 -4.30000000 1 pos_X4.3_Y1.8_Z1.5_Yaw0.png
1133 0.68301270 0.68301270 0.18301270 -0.18301270 -4.62390924 1.50000000 0.59115427 1 pos_X4.3_Y1.8_Z1.5_Yaw120.png
1134 -0.18301270 -0.18301270 -0.68301270 0.68301270 2.82390924 1.50000000 3.70884573 1 pos_X4.3_Y1.8_Z1.5_Yaw240.png
1135 0.50000000 0.50000000 -0.50000000 0.50000000 1.80000000 2.00000000 -4.30000000 1 pos_X4.3_Y1.8_Z2.0_Yaw0.png
1136 0.68301270 0.68301270 0.18301270 -0.18301270 -4.62390924 2.00000000 0.59115427 1 pos_X4.3_Y1.8_Z2.0_Yaw120.png
1137 -0.18301270 -0.18301270 -0.68301270 0.68301270 2.82390924 2.00000000 3.70884573 1 pos_X4.3_Y1.8_Z2.0_Yaw240.png
1138 0.50000000 0.50000000 -0.50000000 0.50000000 1.80000000 2.50000000 -4.30000000 1 pos_X4.3_Y1.8_Z2.5_Yaw0.png
1139 0.68301270 0.68301270 0.18301270 -0.18301270 -4.62390924 2.50000000 0.59115427 1 pos_X4.3_Y1.8_Z2.5_Yaw120.png
1140 -0.18301270 -0.18301270 -0.68301270 0.68301270 2.82390924 2.50000000 3.70884573 1 pos_X4.3_Y1.8_Z2.5_Yaw240.png
1141 0.50000000 0.50000000 -0.50000000 0.50000000 2.30000000 0.50000000 -4.30000000 1 pos_X4.3_Y2.3_Z0.5_Yaw0.png
1142 0.68301270 0.68301270 0.18301270 -0.18301270 -4.87390924 0.50000000 0.15814157 1 pos_X4.3_Y2.3_Z0.5_Yaw120.png
1143 -0.18301270 -0.18301270 -0.68301270 0.68301270 2.57390924 0.50000000 4.14185843 1 pos_X4.3_Y2.3_Z0.5_Yaw240.png
1144 0.50000000 0.50000000 -0.50000000 0.50000000 2.30000000 1.00000000 -4.30000000 1 pos_X4.3_Y2.3_Z1.0_Yaw0.png
1145 0.68301270 0.68301270 0.18301270 -0.18301270 -4.87390924 1.00000000 0.15814157 1 pos_X4.3_Y2.3_Z1.0_Yaw120.png
1146 -0.18301270 -0.18301270 -0.68301270 0.68301270 2.57390924 1.00000000 4.14185843 1 pos_X4.3_Y2.3_Z1.0_Yaw240.png
1147 0.50000000 0.50000000 -0.50000000 0.50000000 2.30000000 1.50000000 -4.30000000 1 pos_X4.3_Y2.3_Z1.5_Yaw0.png
1148 0.68301270 0.68301270 0.18301270 -0.18301270 -4.87390924 1.50000000 0.15814157 1 pos_X4.3_Y2.3_Z1.5_Yaw120.png
1149 -0.18301270 -0.18301270 -0.68301270 0.68301270 2.57390924 1.50000000 4.14185843 1 pos_X4.3_Y2.3_Z1.5_Yaw240.png
1150 0.50000000 0.50000000 -0.50000000 0.50000000 2.30000000 2.00000000 -4.30000000 1 pos_X4.3_Y2.3_Z2.0_Yaw0.png
1151 0.68301270 0.68301270 0.18301270 -0.18301270 -4.87390924 2.00000000 0.15814157 1 pos_X4.3_Y2.3_Z2.0_Yaw120.png
1152 -0.18301270 -0.18301270 -0.68301270 0.68301270 2.57390924 2.00000000 4.14185843 1 pos_X4.3_Y2.3_Z2.0_Yaw240.png
1153 0.50000000 0.50000000 -0.50000000 0.50000000 2.30000000 2.50000000 -4.30000000 1 pos_X4.3_Y2.3_Z2.5_Yaw0.png
1154 0.68301270 0.68301270 0.18301270 -0.18301270 -4.87390924 2.50000000 0.15814157 1 pos_X4.3_Y2.3_Z2.5_Yaw120.png
1155 -0.18301270 -0.18301270 -0.68301270 0.68301270 2.57390924 2.50000000 4.14185843 1 pos_X4.3_Y2.3_Z2.5_Yaw240.png
1156 0.50000000 0.50000000 -0.50000000 0.50000000 2.80000000 0.50000000 -4.30000000 1 pos_X4.3_Y2.8_Z0.5_Yaw0.png
1157 0.68301270 0.68301270 0.18301270 -0.18301270 -5.12390924 0.50000000 -0.27487113 1 pos_X4.3_Y2.8_Z0.5_Yaw120.png
1158 -0.18301270 -0.18301270 -0.68301270 0.68301270 2.32390924 0.50000000 4.57487113 1 pos_X4.3_Y2.8_Z0.5_Yaw240.png
1159 0.50000000 0.50000000 -0.50000000 0.50000000 2.80000000 1.00000000 -4.30000000 1 pos_X4.3_Y2.8_Z1.0_Yaw0.png
1160 0.68301270 0.68301270 0.18301270 -0.18301270 -5.12390924 1.00000000 -0.27487113 1 pos_X4.3_Y2.8_Z1.0_Yaw120.png
1161 -0.18301270 -0.18301270 -0.68301270 0.68301270 2.32390924 1.00000000 4.57487113 1 pos_X4.3_Y2.8_Z1.0_Yaw240.png
1162 0.50000000 0.50000000 -0.50000000 0.50000000 2.80000000 1.50000000 -4.30000000 1 pos_X4.3_Y2.8_Z1.5_Yaw0.png
1163 0.68301270 0.68301270 0.18301270 -0.18301270 -5.12390924 1.50000000 -0.27487113 1 pos_X4.3_Y2.8_Z1.5_Yaw120.png
1164 -0.18301270 -0.18301270 -0.68301270 0.68301270 2.32390924 1.50000000 4.57487113 1 pos_X4.3_Y2.8_Z1.5_Yaw240.png
1165 0.50000000 0.50000000 -0.50000000 0.50000000 2.80000000 2.00000000 -4.30000000 1 pos_X4.3_Y2.8_Z2.0_Yaw0.png
1166 0.68301270 0.68301270 0.18301270 -0.18301270 -5.12390924 2.00000000 -0.27487113 1 pos_X4.3_Y2.8_Z2.0_Yaw120.png
1167 -0.18301270 -0.18301270 -0.68301270 0.68301270 2.32390924 2.00000000 4.57487113 1 pos_X4.3_Y2.8_Z2.0_Yaw240.png
1168 0.50000000 0.50000000 -0.50000000 0.50000000 2.80000000 2.50000000 -4.30000000 1 pos_X4.3_Y2.8_Z2.5_Yaw0.png
1169 0.68301270 0.68301270 0.18301270 -0.18301270 -5.12390924 2.50000000 -0.27487113 1 pos_X4.3_Y2.8_Z2.5_Yaw120.png
1170 -0.18301270 -0.18301270 -0.68301270 0.68301270 2.32390924 2.50000000 4.57487113 1 pos_X4.3_Y2.8_Z2.5_Yaw240.png
1171 0.50000000 0.50000000 -0.50000000 0.50000000 3.30000000 0.50000000 -4.30000000 1 pos_X4.3_Y3.3_Z0.5_Yaw0.png
1172 0.68301270 0.68301270 0.18301270 -0.18301270 -5.37390924 0.50000000 -0.70788383 1 pos_X4.3_Y3.3_Z0.5_Yaw120.png
1173 -0.18301270 -0.18301270 -0.68301270 0.68301270 2.07390924 0.50000000 5.00788383 1 pos_X4.3_Y3.3_Z0.5_Yaw240.png
1174 0.50000000 0.50000000 -0.50000000 0.50000000 3.30000000 1.00000000 -4.30000000 1 pos_X4.3_Y3.3_Z1.0_Yaw0.png
1175 0.68301270 0.68301270 0.18301270 -0.18301270 -5.37390924 1.00000000 -0.70788383 1 pos_X4.3_Y3.3_Z1.0_Yaw120.png
1176 -0.18301270 -0.18301270 -0.68301270 0.68301270 2.07390924 1.00000000 5.00788383 1 pos_X4.3_Y3.3_Z1.0_Yaw240.png
1177 0.50000000 0.50000000 -0.50000000 0.50000000 3.30000000 1.50000000 -4.30000000 1 pos_X4.3_Y3.3_Z1.5_Yaw0.png
1178 0.68301270 0.68301270 0.18301270 -0.18301270 -5.37390924 1.50000000 -0.70788383 1 pos_X4.3_Y3.3_Z1.5_Yaw120.png
1179 -0.18301270 -0.18301270 -0.68301270 0.68301270 2.07390924 1.50000000 5.00788383 1 pos_X4.3_Y3.3_Z1.5_Yaw240.png
1180 0.50000000 0.50000000 -0.50000000 0.50000000 3.30000000 2.00000000 -4.30000000 1 pos_X4.3_Y3.3_Z2.0_Yaw0.png
1181 0.68301270 0.68301270 0.18301270 -0.18301270 -5.37390924 2.00000000 -0.70788383 1 pos_X4.3_Y3.3_Z2.0_Yaw120.png
1182 -0.18301270 -0.18301270 -0.68301270 0.68301270 2.07390924 2.00000000 5.00788383 1 pos_X4.3_Y3.3_Z2.0_Yaw240.png
1183 0.50000000 0.50000000 -0.50000000 0.50000000 3.30000000 2.50000000 -4.30000000 1 pos_X4.3_Y3.3_Z2.5_Yaw0.png
1184 0.68301270 0.68301270 0.18301270 -0.18301270 -5.37390924 2.50000000 -0.70788383 1 pos_X4.3_Y3.3_Z2.5_Yaw120.png
1185 -0.18301270 -0.18301270 -0.68301270 0.68301270 2.07390924 2.50000000 5.00788383 1 pos_X4.3_Y3.3_Z2.5_Yaw240.png
1186 0.50000000 0.50000000 -0.50000000 0.50000000 3.80000000 0.50000000 -4.30000000 1 pos_X4.3_Y3.8_Z0.5_Yaw0.png
1187 0.68301270 0.68301270 0.18301270 -0.18301270 -5.62390924 0.50000000 -1.14089653 1 pos_X4.3_Y3.8_Z0.5_Yaw120.png
1188 -0.18301270 -0.18301270 -0.68301270 0.68301270 1.82390924 0.50000000 5.44089653 1 pos_X4.3_Y3.8_Z0.5_Yaw240.png
1189 0.50000000 0.50000000 -0.50000000 0.50000000 3.80000000 1.00000000 -4.30000000 1 pos_X4.3_Y3.8_Z1.0_Yaw0.png
1190 0.68301270 0.68301270 0.18301270 -0.18301270 -5.62390924 1.00000000 -1.14089653 1 pos_X4.3_Y3.8_Z1.0_Yaw120.png
1191 -0.18301270 -0.18301270 -0.68301270 0.68301270 1.82390924 1.00000000 5.44089653 1 pos_X4.3_Y3.8_Z1.0_Yaw240.png
1192 0.50000000 0.50000000 -0.50000000 0.50000000 3.80000000 1.50000000 -4.30000000 1 pos_X4.3_Y3.8_Z1.5_Yaw0.png
1193 0.68301270 0.68301270 0.18301270 -0.18301270 -5.62390924 1.50000000 -1.14089653 1 pos_X4.3_Y3.8_Z1.5_Yaw120.png
1194 -0.18301270 -0.18301270 -0.68301270 0.68301270 1.82390924 1.50000000 5.44089653 1 pos_X4.3_Y3.8_Z1.5_Yaw240.png
1195 0.50000000 0.50000000 -0.50000000 0.50000000 3.80000000 2.00000000 -4.30000000 1 pos_X4.3_Y3.8_Z2.0_Yaw0.png
1196 0.68301270 0.68301270 0.18301270 -0.18301270 -5.62390924 2.00000000 -1.14089653 1 pos_X4.3_Y3.8_Z2.0_Yaw120.png
1197 -0.18301270 -0.18301270 -0.68301270 0.68301270 1.82390924 2.00000000 5.44089653 1 pos_X4.3_Y3.8_Z2.0_Yaw240.png
1198 0.50000000 0.50000000 -0.50000000 0.50000000 3.80000000 2.50000000 -4.30000000 1 pos_X4.3_Y3.8_Z2.5_Yaw0.png
1199 0.68301270 0.68301270 0.18301270 -0.18301270 -5.62390924 2.50000000 -1.14089653 1 pos_X4.3_Y3.8_Z2.5_Yaw120.png
1200 -0.18301270 -0.18301270 -0.68301270 0.68301270 1.82390924 2.50000000 5.44089653 1 pos_X4.3_Y3.8_Z2.5_Yaw240.png
1261 0.50000000 0.50000000 -0.50000000 0.50000000 1.80000000 0.50000000 -4.80000000 1 pos_X4.8_Y1.8_Z0.5_Yaw0.png
1262 0.68301270 0.68301270 0.18301270 -0.18301270 -5.05692194 0.50000000 0.84115427 1 pos_X4.8_Y1.8_Z0.5_Yaw120.png
1263 -0.18301270 -0.18301270 -0.68301270 0.68301270 3.25692194 0.50000000 3.95884573 1 pos_X4.8_Y1.8_Z0.5_Yaw240.png
1264 0.50000000 0.50000000 -0.50000000 0.50000000 1.80000000 1.00000000 -4.80000000 1 pos_X4.8_Y1.8_Z1.0_Yaw0.png
1265 0.68301270 0.68301270 0.18301270 -0.18301270 -5.05692194 1.00000000 0.84115427 1 pos_X4.8_Y1.8_Z1.0_Yaw120.png
1266 -0.18301270 -0.18301270 -0.68301270 0.68301270 3.25692194 1.00000000 3.95884573 1 pos_X4.8_Y1.8_Z1.0_Yaw240.png
1267 0.50000000 0.50000000 -0.50000000 0.50000000 1.80000000 1.50000000 -4.80000000 1 pos_X4.8_Y1.8_Z1.5_Yaw0.png
1268 0.68301270 0.68301270 0.18301270 -0.18301270 -5.05692194 1.50000000 0.84115427 1 pos_X4.8_Y1.8_Z1.5_Yaw120.png
1269 -0.18301270 -0.18301270 -0.68301270 0.68301270 3.25692194 1.50000000 3.95884573 1 pos_X4.8_Y1.8_Z1.5_Yaw240.png
1270 0.50000000 0.50000000 -0.50000000 0.50000000 1.80000000 2.00000000 -4.80000000 1 pos_X4.8_Y1.8_Z2.0_Yaw0.png
1271 0.68301270 0.68301270 0.18301270 -0.18301270 -5.05692194 2.00000000 0.84115427 1 pos_X4.8_Y1.8_Z2.0_Yaw120.png
1272 -0.18301270 -0.18301270 -0.68301270 0.68301270 3.25692194 2.00000000 3.95884573 1 pos_X4.8_Y1.8_Z2.0_Yaw240.png
1273 0.50000000 0.50000000 -0.50000000 0.50000000 1.80000000 2.50000000 -4.80000000 1 pos_X4.8_Y1.8_Z2.5_Yaw0.png
1274 0.68301270 0.68301270 0.18301270 -0.18301270 -5.05692194 2.50000000 0.84115427 1 pos_X4.8_Y1.8_Z2.5_Yaw120.png
1275 -0.18301270 -0.18301270 -0.68301270 0.68301270 3.25692194 2.50000000 3.95884573 1 pos_X4.8_Y1.8_Z2.5_Yaw240.png
1276 0.50000000 0.50000000 -0.50000000 0.50000000 2.30000000 0.50000000 -4.80000000 1 pos_X4.8_Y2.3_Z0.5_Yaw0.png
1277 0.68301270 0.68301270 0.18301270 -0.18301270 -5.30692194 0.50000000 0.40814157 1 pos_X4.8_Y2.3_Z0.5_Yaw120.png
1278 -0.18301270 -0.18301270 -0.68301270 0.68301270 3.00692194 0.50000000 4.39185843 1 pos_X4.8_Y2.3_Z0.5_Yaw240.png
1279 0.50000000 0.50000000 -0.50000000 0.50000000 2.30000000 1.00000000 -4.80000000 1 pos_X4.8_Y2.3_Z1.0_Yaw0.png
1280 0.68301270 0.68301270 0.18301270 -0.18301270 -5.30692194 1.00000000 0.40814157 1 pos_X4.8_Y2.3_Z1.0_Yaw120.png
1281 -0.18301270 -0.18301270 -0.68301270 0.68301270 3.00692194 1.00000000 4.39185843 1 pos_X4.8_Y2.3_Z1.0_Yaw240.png
1282 0.50000000 0.50000000 -0.50000000 0.50000000 2.30000000 1.50000000 -4.80000000 1 pos_X4.8_Y2.3_Z1.5_Yaw0.png
1283 0.68301270 0.68301270 0.18301270 -0.18301270 -5.30692194 1.50000000 0.40814157 1 pos_X4.8_Y2.3_Z1.5_Yaw120.png
1284 -0.18301270 -0.18301270 -0.68301270 0.68301270 3.00692194 1.50000000 4.39185843 1 pos_X4.8_Y2.3_Z1.5_Yaw240.png
1285 0.50000000 0.50000000 -0.50000000 0.50000000 2.30000000 2.00000000 -4.80000000 1 pos_X4.8_Y2.3_Z2.0_Yaw0.png
1286 0.68301270 0.68301270 0.18301270 -0.18301270 -5.30692194 2.00000000 0.40814157 1 pos_X4.8_Y2.3_Z2.0_Yaw120.png
1287 -0.18301270 -0.18301270 -0.68301270 0.68301270 3.00692194 2.00000000 4.39185843 1 pos_X4.8_Y2.3_Z2.0_Yaw240.png
1288 0.50000000 0.50000000 -0.50000000 0.50000000 2.30000000 2.50000000 -4.80000000 1 pos_X4.8_Y2.3_Z2.5_Yaw0.png
1289 0.68301270 0.68301270 0.18301270 -0.18301270 -5.30692194 2.50000000 0.40814157 1 pos_X4.8_Y2.3_Z2.5_Yaw120.png
1290 -0.18301270 -0.18301270 -0.68301270 0.68301270 3.00692194 2.50000000 4.39185843 1 pos_X4.8_Y2.3_Z2.5_Yaw240.png
1291 0.50000000 0.50000000 -0.50000000 0.50000000 2.80000000 0.50000000 -4.80000000 1 pos_X4.8_Y2.8_Z0.5_Yaw0.png
1292 0.68301270 0.68301270 0.18301270 -0.18301270 -5.55692194 0.50000000 -0.02487113 1 pos_X4.8_Y2.8_Z0.5_Yaw120.png
1293 -0.18301270 -0.18301270 -0.68301270 0.68301270 2.75692194 0.50000000 4.82487113 1 pos_X4.8_Y2.8_Z0.5_Yaw240.png
1294 0.50000000 0.50000000 -0.50000000 0.50000000 2.80000000 1.00000000 -4.80000000 1 pos_X4.8_Y2.8_Z1.0_Yaw0.png
1295 0.68301270 0.68301270 0.18301270 -0.18301270 -5.55692194 1.00000000 -0.02487113 1 pos_X4.8_Y2.8_Z1.0_Yaw120.png
1296 -0.18301270 -0.18301270 -0.68301270 0.68301270 2.75692194 1.00000000 4.82487113 1 pos_X4.8_Y2.8_Z1.0_Yaw240.png
1297 0.50000000 0.50000000 -0.50000000 0.50000000 2.80000000 1.50000000 -4.80000000 1 pos_X4.8_Y2.8_Z1.5_Yaw0.png
1298 0.68301270 0.68301270 0.18301270 -0.18301270 -5.55692194 1.50000000 -0.02487113 1 pos_X4.8_Y2.8_Z1.5_Yaw120.png
1299 -0.18301270 -0.18301270 -0.68301270 0.68301270 2.75692194 1.50000000 4.82487113 1 pos_X4.8_Y2.8_Z1.5_Yaw240.png
1300 0.50000000 0.50000000 -0.50000000 0.50000000 2.80000000 2.00000000 -4.80000000 1 pos_X4.8_Y2.8_Z2.0_Yaw0.png
1301 0.68301270 0.68301270 0.18301270 -0.18301270 -5.55692194 2.00000000 -0.02487113 1 pos_X4.8_Y2.8_Z2.0_Yaw120.png
1302 -0.18301270 -0.18301270 -0.68301270 0.68301270 2.75692194 2.00000000 4.82487113 1 pos_X4.8_Y2.8_Z2.0_Yaw240.png
1303 0.50000000 0.50000000 -0.50000000 0.50000000 2.80000000 2.50000000 -4.80000000 1 pos_X4.8_Y2.8_Z2.5_Yaw0.png
1304 0.68301270 0.68301270 0.18301270 -0.18301270 -5.55692194 2.50000000 -0.02487113 1 pos_X4.8_Y2.8_Z2.5_Yaw120.png
1305 -0.18301270 -0.18301270 -0.68301270 0.68301270 2.75692194 2.50000000 4.82487113 1 pos_X4.8_Y2.8_Z2.5_Yaw240.png
1306 0.50000000 0.50000000 -0.50000000 0.50000000 3.30000000 0.50000000 -4.80000000 1 pos_X4.8_Y3.3_Z0.5_Yaw0.png
1307 0.68301270 0.68301270 0.18301270 -0.18301270 -5.80692194 0.50000000 -0.45788383 1 pos_X4.8_Y3.3_Z0.5_Yaw120.png
1308 -0.18301270 -0.18301270 -0.68301270 0.68301270 2.50692194 0.50000000 5.25788383 1 pos_X4.8_Y3.3_Z0.5_Yaw240.png
1309 0.50000000 0.50000000 -0.50000000 0.50000000 3.30000000 1.00000000 -4.80000000 1 pos_X4.8_Y3.3_Z1.0_Yaw0.png
1310 0.68301270 0.68301270 0.18301270 -0.18301270 -5.80692194 1.00000000 -0.45788383 1 pos_X4.8_Y3.3_Z1.0_Yaw120.png
1311 -0.18301270 -0.18301270 -0.68301270 0.68301270 2.50692194 1.00000000 5.25788383 1 pos_X4.8_Y3.3_Z1.0_Yaw240.png
1312 0.50000000 0.50000000 -0.50000000 0.50000000 3.30000000 1.50000000 -4.80000000 1 pos_X4.8_Y3.3_Z1.5_Yaw0.png
1313 0.68301270 0.68301270 0.18301270 -0.18301270 -5.80692194 1.50000000 -0.45788383 1 pos_X4.8_Y3.3_Z1.5_Yaw120.png
1314 -0.18301270 -0.18301270 -0.68301270 0.68301270 2.50692194 1.50000000 5.25788383 1 pos_X4.8_Y3.3_Z1.5_Yaw240.png
1315 0.50000000 0.50000000 -0.50000000 0.50000000 3.30000000 2.00000000 -4.80000000 1 pos_X4.8_Y3.3_Z2.0_Yaw0.png
1316 0.68301270 0.68301270 0.18301270 -0.18301270 -5.80692194 2.00000000 -0.45788383 1 pos_X4.8_Y3.3_Z2.0_Yaw120.png
1317 -0.18301270 -0.18301270 -0.68301270 0.68301270 2.50692194 2.00000000 5.25788383 1 pos_X4.8_Y3.3_Z2.0_Yaw240.png
1318 0.50000000 0.50000000 -0.50000000 0.50000000 3.30000000 2.50000000 -4.80000000 1 pos_X4.8_Y3.3_Z2.5_Yaw0.png
1319 0.68301270 0.68301270 0.18301270 -0.18301270 -5.80692194 2.50000000 -0.45788383 1 pos_X4.8_Y3.3_Z2.5_Yaw120.png
1320 -0.18301270 -0.18301270 -0.68301270 0.68301270 2.50692194 2.50000000 5.25788383 1 pos_X4.8_Y3.3_Z2.5_Yaw240.png
1321 0.50000000 0.50000000 -0.50000000 0.50000000 3.80000000 0.50000000 -4.80000000 1 pos_X4.8_Y3.8_Z0.5_Yaw0.png
1322 0.68301270 0.68301270 0.18301270 -0.18301270 -6.05692194 0.50000000 -0.89089653 1 pos_X4.8_Y3.8_Z0.5_Yaw120.png
1323 -0.18301270 -0.18301270 -0.68301270 0.68301270 2.25692194 0.50000000 5.69089653 1 pos_X4.8_Y3.8_Z0.5_Yaw240.png
1324 0.50000000 0.50000000 -0.50000000 0.50000000 3.80000000 1.00000000 -4.80000000 1 pos_X4.8_Y3.8_Z1.0_Yaw0.png
1325 0.68301270 0.68301270 0.18301270 -0.18301270 -6.05692194 1.00000000 -0.89089653 1 pos_X4.8_Y3.8_Z1.0_Yaw120.png
1326 -0.18301270 -0.18301270 -0.68301270 0.68301270 2.25692194 1.00000000 5.69089653 1 pos_X4.8_Y3.8_Z1.0_Yaw240.png
1327 0.50000000 0.50000000 -0.50000000 0.50000000 3.80000000 1.50000000 -4.80000000 1 pos_X4.8_Y3.8_Z1.5_Yaw0.png
1328 0.68301270 0.68301270 0.18301270 -0.18301270 -6.05692194 1.50000000 -0.89089653 1 pos_X4.8_Y3.8_Z1.5_Yaw120.png
1329 -0.18301270 -0.18301270 -0.68301270 0.68301270 2.25692194 1.50000000 5.69089653 1 pos_X4.8_Y3.8_Z1.5_Yaw240.png
1330 0.50000000 0.50000000 -0.50000000 0.50000000 3.80000000 2.00000000 -4.80000000 1 pos_X4.8_Y3.8_Z2.0_Yaw0.png
1331 0.68301270 0.68301270 0.18301270 -0.18301270 -6.05692194 2.00000000 -0.89089653 1 pos_X4.8_Y3.8_Z2.0_Yaw120.png
1332 -0.18301270 -0.18301270 -0.68301270 0.68301270 2.25692194 2.00000000 5.69089653 1 pos_X4.8_Y3.8_Z2.0_Yaw240.png
1333 0.50000000 0.50000000 -0.50000000 0.50000000 3.80000000 2.50000000 -4.80000000 1 pos_X4.8_Y3.8_Z2.5_Yaw0.png
1334 0.68301270 0.68301270 0.18301270 -0.18301270 -6.05692194 2.50000000 -0.89089653 1 pos_X4.8_Y3.8_Z2.5_Yaw120.png
1335 -0.18301270 -0.18301270 -0.68301270 0.68301270 2.25692194 2.50000000 5.69089653 1 pos_X4.8_Y3.8_Z2.5_Yaw240.png
1396 0.50000000 0.50000000 -0.50000000 0.50000000 1.80000000 0.50000000 -5.30000000 1 pos_X5.3_Y1.8_Z0.5_Yaw0.png
1397 0.68301270 0.68301270 0.18301270 -0.18301270 -5.48993464 0.50000000 1.09115427 1 pos_X5.3_Y1.8_Z0.5_Yaw120.png
1398 -0.18301270 -0.18301270 -0.68301270 0.68301270 3.68993464 0.50000000 4.20884573 1 pos_X5.3_Y1.8_Z0.5_Yaw240.png
1399 0.50000000 0.50000000 -0.50000000 0.50000000 1.80000000 1.00000000 -5.30000000 1 pos_X5.3_Y1.8_Z1.0_Yaw0.png
1400 0.68301270 0.68301270 0.18301270 -0.18301270 -5.48993464 1.00000000 1.09115427 1 pos_X5.3_Y1.8_Z1.0_Yaw120.png
1401 -0.18301270 -0.18301270 -0.68301270 0.68301270 3.68993464 1.00000000 4.20884573 1 pos_X5.3_Y1.8_Z1.0_Yaw240.png
1402 0.50000000 0.50000000 -0.50000000 0.50000000 1.80000000 1.50000000 -5.30000000 1 pos_X5.3_Y1.8_Z1.5_Yaw0.png
1403 0.68301270 0.68301270 0.18301270 -0.18301270 -5.48993464 1.50000000 1.09115427 1 pos_X5.3_Y1.8_Z1.5_Yaw120.png
1404 -0.18301270 -0.18301270 -0.68301270 0.68301270 3.68993464 1.50000000 4.20884573 1 pos_X5.3_Y1.8_Z1.5_Yaw240.png
1405 0.50000000 0.50000000 -0.50000000 0.50000000 1.80000000 2.00000000 -5.30000000 1 pos_X5.3_Y1.8_Z2.0_Yaw0.png
1406 0.68301270 0.68301270 0.18301270 -0.18301270 -5.48993464 2.00000000 1.09115427 1 pos_X5.3_Y1.8_Z2.0_Yaw120.png
1407 -0.18301270 -0.18301270 -0.68301270 0.68301270 3.68993464 2.00000000 4.20884573 1 pos_X5.3_Y1.8_Z2.0_Yaw240.png
1408 0.50000000 0.50000000 -0.50000000 0.50000000 1.80000000 2.50000000 -5.30000000 1 pos_X5.3_Y1.8_Z2.5_Yaw0.png
1409 0.68301270 0.68301270 0.18301270 -0.18301270 -5.48993464 2.50000000 1.09115427 1 pos_X5.3_Y1.8_Z2.5_Yaw120.png
1410 -0.18301270 -0.18301270 -0.68301270 0.68301270 3.68993464 2.50000000 4.20884573 1 pos_X5.3_Y1.8_Z2.5_Yaw240.png
1411 0.50000000 0.50000000 -0.50000000 0.50000000 2.30000000 0.50000000 -5.30000000 1 pos_X5.3_Y2.3_Z0.5_Yaw0.png
1412 0.68301270 0.68301270 0.18301270 -0.18301270 -5.73993464 0.50000000 0.65814157 1 pos_X5.3_Y2.3_Z0.5_Yaw120.png
1413 -0.18301270 -0.18301270 -0.68301270 0.68301270 3.43993464 0.50000000 4.64185843 1 pos_X5.3_Y2.3_Z0.5_Yaw240.png
1414 0.50000000 0.50000000 -0.50000000 0.50000000 2.30000000 1.00000000 -5.30000000 1 pos_X5.3_Y2.3_Z1.0_Yaw0.png
1415 0.68301270 0.68301270 0.18301270 -0.18301270 -5.73993464 1.00000000 0.65814157 1 pos_X5.3_Y2.3_Z1.0_Yaw120.png
1416 -0.18301270 -0.18301270 -0.68301270 0.68301270 3.43993464 1.00000000 4.64185843 1 pos_X5.3_Y2.3_Z1.0_Yaw240.png
1417 0.50000000 0.50000000 -0.50000000 0.50000000 2.30000000 1.50000000 -5.30000000 1 pos_X5.3_Y2.3_Z1.5_Yaw0.png
1418 0.68301270 0.68301270 0.18301270 -0.18301270 -5.73993464 1.50000000 0.65814157 1 pos_X5.3_Y2.3_Z1.5_Yaw120.png
1419 -0.18301270 -0.18301270 -0.68301270 0.68301270 3.43993464 1.50000000 4.64185843 1 pos_X5.3_Y2.3_Z1.5_Yaw240.png
1420 0.50000000 0.50000000 -0.50000000 0.50000000 2.30000000 2.00000000 -5.30000000 1 pos_X5.3_Y2.3_Z2.0_Yaw0.png
1421 0.68301270 0.68301270 0.18301270 -0.18301270 -5.73993464 2.00000000 0.65814157 1 pos_X5.3_Y2.3_Z2.0_Yaw120.png
1422 -0.18301270 -0.18301270 -0.68301270 0.68301270 3.43993464 2.00000000 4.64185843 1 pos_X5.3_Y2.3_Z2.0_Yaw240.png
1423 0.50000000 0.50000000 -0.50000000 0.50000000 2.30000000 2.50000000 -5.30000000 1 pos_X5.3_Y2.3_Z2.5_Yaw0.png
1424 0.68301270 0.68301270 0.18301270 -0.18301270 -5.73993464 2.50000000 0.65814157 1 pos_X5.3_Y2.3_Z2.5_Yaw120.png
1425 -0.18301270 -0.18301270 -0.68301270 0.68301270 3.43993464 2.50000000 4.64185843 1 pos_X5.3_Y2.3_Z2.5_Yaw240.png
1426 0.50000000 0.50000000 -0.50000000 0.50000000 2.80000000 0.50000000 -5.30000000 1 pos_X5.3_Y2.8_Z0.5_Yaw0.png
1427 0.68301270 0.68301270 0.18301270 -0.18301270 -5.98993464 0.50000000 0.22512887 1 pos_X5.3_Y2.8_Z0.5_Yaw120.png
1428 -0.18301270 -0.18301270 -0.68301270 0.68301270 3.18993464 0.50000000 5.07487113 1 pos_X5.3_Y2.8_Z0.5_Yaw240.png
1429 0.50000000 0.50000000 -0.50000000 0.50000000 2.80000000 1.00000000 -5.30000000 1 pos_X5.3_Y2.8_Z1.0_Yaw0.png
1430 0.68301270 0.68301270 0.18301270 -0.18301270 -5.98993464 1.00000000 0.22512887 1 pos_X5.3_Y2.8_Z1.0_Yaw120.png
1431 -0.18301270 -0.18301270 -0.68301270 0.68301270 3.18993464 1.00000000 5.07487113 1 pos_X5.3_Y2.8_Z1.0_Yaw240.png
1432 0.50000000 0.50000000 -0.50000000 0.50000000 2.80000000 1.50000000 -5.30000000 1 pos_X5.3_Y2.8_Z1.5_Yaw0.png
1433 0.68301270 0.68301270 0.18301270 -0.18301270 -5.98993464 1.50000000 0.22512887 1 pos_X5.3_Y2.8_Z1.5_Yaw120.png
1434 -0.18301270 -0.18301270 -0.68301270 0.68301270 3.18993464 1.50000000 5.07487113 1 pos_X5.3_Y2.8_Z1.5_Yaw240.png
1435 0.50000000 0.50000000 -0.50000000 0.50000000 2.80000000 2.00000000 -5.30000000 1 pos_X5.3_Y2.8_Z2.0_Yaw0.png
1436 0.68301270 0.68301270 0.18301270 -0.18301270 -5.98993464 2.00000000 0.22512887 1 pos_X5.3_Y2.8_Z2.0_Yaw120.png
1437 -0.18301270 -0.18301270 -0.68301270 0.68301270 3.18993464 2.00000000 5.07487113 1 pos_X5.3_Y2.8_Z2.0_Yaw240.png
1438 0.50000000 0.50000000 -0.50000000 0.50000000 2.80000000 2.50000000 -5.30000000 1 pos_X5.3_Y2.8_Z2.5_Yaw0.png
1439 0.68301270 0.68301270 0.18301270 -0.18301270 -5.98993464 2.50000000 0.22512887 1 pos_X5.3_Y2.8_Z2.5_Yaw120.png
1440 -0.18301270 -0.18301270 -0.68301270 0.68301270 3.18993464 2.50000000 5.07487113 1 pos_X5.3_Y2.8_Z2.5_Yaw240.png
1441 0.50000000 0.50000000 -0.50000000 0.50000000 3.30000000 0.50000000 -5.30000000 1 pos_X5.3_Y3.3_Z0.5_Yaw0.png
1442 0.68301270 0.68301270 0.18301270 -0.18301270 -6.23993464 0.50000000 -0.20788383 1 pos_X5.3_Y3.3_Z0.5_Yaw120.png
1443 -0.18301270 -0.18301270 -0.68301270 0.68301270 2.93993464 0.50000000 5.50788383 1 pos_X5.3_Y3.3_Z0.5_Yaw240.png
1444 0.50000000 0.50000000 -0.50000000 0.50000000 3.30000000 1.00000000 -5.30000000 1 pos_X5.3_Y3.3_Z1.0_Yaw0.png
1445 0.68301270 0.68301270 0.18301270 -0.18301270 -6.23993464 1.00000000 -0.20788383 1 pos_X5.3_Y3.3_Z1.0_Yaw120.png
1446 -0.18301270 -0.18301270 -0.68301270 0.68301270 2.93993464 1.00000000 5.50788383 1 pos_X5.3_Y3.3_Z1.0_Yaw240.png
1447 0.50000000 0.50000000 -0.50000000 0.50000000 3.30000000 1.50000000 -5.30000000 1 pos_X5.3_Y3.3_Z1.5_Yaw0.png
1448 0.68301270 0.68301270 0.18301270 -0.18301270 -6.23993464 1.50000000 -0.20788383 1 pos_X5.3_Y3.3_Z1.5_Yaw120.png
1449 -0.18301270 -0.18301270 -0.68301270 0.68301270 2.93993464 1.50000000 5.50788383 1 pos_X5.3_Y3.3_Z1.5_Yaw240.png
1450 0.50000000 0.50000000 -0.50000000 0.50000000 3.30000000 2.00000000 -5.30000000 1 pos_X5.3_Y3.3_Z2.0_Yaw0.png
1451 0.68301270 0.68301270 0.18301270 -0.18301270 -6.23993464 2.00000000 -0.20788383 1 pos_X5.3_Y3.3_Z2.0_Yaw120.png
1452 -0.18301270 -0.18301270 -0.68301270 0.68301270 2.93993464 2.00000000 5.50788383 1 pos_X5.3_Y3.3_Z2.0_Yaw240.png
1453 0.50000000 0.50000000 -0.50000000 0.50000000 3.30000000 2.50000000 -5.30000000 1 pos_X5.3_Y3.3_Z2.5_Yaw0.png
1454 0.68301270 0.68301270 0.18301270 -0.18301270 -6.23993464 2.50000000 -0.20788383 1 pos_X5.3_Y3.3_Z2.5_Yaw120.png
1455 -0.18301270 -0.18301270 -0.68301270 0.68301270 2.93993464 2.50000000 5.50788383 1 pos_X5.3_Y3.3_Z2.5_Yaw240.png
1456 0.50000000 0.50000000 -0.50000000 0.50000000 3.80000000 0.50000000 -5.30000000 1 pos_X5.3_Y3.8_Z0.5_Yaw0.png
1457 0.68301270 0.68301270 0.18301270 -0.18301270 -6.48993464 0.50000000 -0.64089653 1 pos_X5.3_Y3.8_Z0.5_Yaw120.png
1458 -0.18301270 -0.18301270 -0.68301270 0.68301270 2.68993464 0.50000000 5.94089653 1 pos_X5.3_Y3.8_Z0.5_Yaw240.png
1459 0.50000000 0.50000000 -0.50000000 0.50000000 3.80000000 1.00000000 -5.30000000 1 pos_X5.3_Y3.8_Z1.0_Yaw0.png
1460 0.68301270 0.68301270 0.18301270 -0.18301270 -6.48993464 1.00000000 -0.64089653 1 pos_X5.3_Y3.8_Z1.0_Yaw120.png
1461 -0.18301270 -0.18301270 -0.68301270 0.68301270 2.68993464 1.00000000 5.94089653 1 pos_X5.3_Y3.8_Z1.0_Yaw240.png
1462 0.50000000 0.50000000 -0.50000000 0.50000000 3.80000000 1.50000000 -5.30000000 1 pos_X5.3_Y3.8_Z1.5_Yaw0.png
1463 0.68301270 0.68301270 0.18301270 -0.18301270 -6.48993464 1.50000000 -0.64089653 1 pos_X5.3_Y3.8_Z1.5_Yaw120.png
1464 -0.18301270 -0.18301270 -0.68301270 0.68301270 2.68993464 1.50000000 5.94089653 1 pos_X5.3_Y3.8_Z1.5_Yaw240.png
1465 0.50000000 0.50000000 -0.50000000 0.50000000 3.80000000 2.00000000 -5.30000000 1 pos_X5.3_Y3.8_Z2.0_Yaw0.png
1466 0.68301270 0.68301270 0.18301270 -0.18301270 -6.48993464 2.00000000 -0.64089653 1 pos_X5.3_Y3.8_Z2.0_Yaw120.png
1467 -0.18301270 -0.18301270 -0.68301270 0.68301270 2.68993464 2.00000000 5.94089653 1 pos_X5.3_Y3.8_Z2.0_Yaw240.png
1468 0.50000000 0.50000000 -0.50000000 0.50000000 3.80000000 2.50000000 -5.30000000 1 pos_X5.3_Y3.8_Z2.5_Yaw0.png
1469 0.68301270 0.68301270 0.18301270 -0.18301270 -6.48993464 2.50000000 -0.64089653 1 pos_X5.3_Y3.8_Z2.5_Yaw120.png
1470 -0.18301270 -0.18301270 -0.68301270 0.68301270 2.68993464 2.50000000 5.94089653 1 pos_X5.3_Y3.8_Z2.5_Yaw240.png
1531 0.50000000 0.50000000 -0.50000000 0.50000000 1.80000000 0.50000000 -5.80000000 1 pos_X5.8_Y1.8_Z0.5_Yaw0.png
1532 0.68301270 0.68301270 0.18301270 -0.18301270 -5.92294734 0.50000000 1.34115427 1 pos_X5.8_Y1.8_Z0.5_Yaw120.png
1533 -0.18301270 -0.18301270 -0.68301270 0.68301270 4.12294734 0.50000000 4.45884573 1 pos_X5.8_Y1.8_Z0.5_Yaw240.png
1534 0.50000000 0.50000000 -0.50000000 0.50000000 1.80000000 1.00000000 -5.80000000 1 pos_X5.8_Y1.8_Z1.0_Yaw0.png
1535 0.68301270 0.68301270 0.18301270 -0.18301270 -5.92294734 1.00000000 1.34115427 1 pos_X5.8_Y1.8_Z1.0_Yaw120.png
1536 -0.18301270 -0.18301270 -0.68301270 0.68301270 4.12294734 1.00000000 4.45884573 1 pos_X5.8_Y1.8_Z1.0_Yaw240.png
1537 0.50000000 0.50000000 -0.50000000 0.50000000 1.80000000 1.50000000 -5.80000000 1 pos_X5.8_Y1.8_Z1.5_Yaw0.png
1538 0.68301270 0.68301270 0.18301270 -0.18301270 -5.92294734 1.50000000 1.34115427 1 pos_X5.8_Y1.8_Z1.5_Yaw120.png
1539 -0.18301270 -0.18301270 -0.68301270 0.68301270 4.12294734 1.50000000 4.45884573 1 pos_X5.8_Y1.8_Z1.5_Yaw240.png
1540 0.50000000 0.50000000 -0.50000000 0.50000000 1.80000000 2.00000000 -5.80000000 1 pos_X5.8_Y1.8_Z2.0_Yaw0.png
1541 0.68301270 0.68301270 0.18301270 -0.18301270 -5.92294734 2.00000000 1.34115427 1 pos_X5.8_Y1.8_Z2.0_Yaw120.png
1542 -0.18301270 -0.18301270 -0.68301270 0.68301270 4.12294734 2.00000000 4.45884573 1 pos_X5.8_Y1.8_Z2.0_Yaw240.png
1543 0.50000000 0.50000000 -0.50000000 0.50000000 1.80000000 2.50000000 -5.80000000 1 pos_X5.8_Y1.8_Z2.5_Yaw0.png
1544 0.68301270 0.68301270 0.18301270 -0.18301270 -5.92294734 2.50000000 1.34115427 1 pos_X5.8_Y1.8_Z2.5_Yaw120.png
1545 -0.18301270 -0.18301270 -0.68301270 0.68301270 4.12294734 2.50000000 4.45884573 1 pos_X5.8_Y1.8_Z2.5_Yaw240.png
1546 0.50000000 0.50000000 -0.50000000 0.50000000 2.30000000 0.50000000 -5.80000000 1 pos_X5.8_Y2.3_Z0.5_Yaw0.png
1547 0.68301270 0.68301270 0.18301270 -0.18301270 -6.17294734 0.50000000 0.90814157 1 pos_X5.8_Y2.3_Z0.5_Yaw120.png
1548 -0.18301270 -0.18301270 -0.68301270 0.68301270 3.87294734 0.50000000 4.89185843 1 pos_X5.8_Y2.3_Z0.5_Yaw240.png
1549 0.50000000 0.50000000 -0.50000000 0.50000000 2.30000000 1.00000000 -5.80000000 1 pos_X5.8_Y2.3_Z1.0_Yaw0.png
1550 0.68301270 0.68301270 0.18301270 -0.18301270 -6.17294734 1.00000000 0.90814157 1 pos_X5.8_Y2.3_Z1.0_Yaw120.png
1551 -0.18301270 -0.18301270 -0.68301270 0.68301270 3.87294734 1.00000000 4.89185843 1 pos_X5.8_Y2.3_Z1.0_Yaw240.png
1552 0.50000000 0.50000000 -0.50000000 0.50000000 2.30000000 1.50000000 -5.80000000 1 pos_X5.8_Y2.3_Z1.5_Yaw0.png
1553 0.68301270 0.68301270 0.18301270 -0.18301270 -6.17294734 1.50000000 0.90814157 1 pos_X5.8_Y2.3_Z1.5_Yaw120.png
1554 -0.18301270 -0.18301270 -0.68301270 0.68301270 3.87294734 1.50000000 4.89185843 1 pos_X5.8_Y2.3_Z1.5_Yaw240.png
1555 0.50000000 0.50000000 -0.50000000 0.50000000 2.30000000 2.00000000 -5.80000000 1 pos_X5.8_Y2.3_Z2.0_Yaw0.png
1556 0.68301270 0.68301270 0.18301270 -0.18301270 -6.17294734 2.00000000 0.90814157 1 pos_X5.8_Y2.3_Z2.0_Yaw120.png
1557 -0.18301270 -0.18301270 -0.68301270 0.68301270 3.87294734 2.00000000 4.89185843 1 pos_X5.8_Y2.3_Z2.0_Yaw240.png
1558 0.50000000 0.50000000 -0.50000000 0.50000000 2.30000000 2.50000000 -5.80000000 1 pos_X5.8_Y2.3_Z2.5_Yaw0.png
1559 0.68301270 0.68301270 0.18301270 -0.18301270 -6.17294734 2.50000000 0.90814157 1 pos_X5.8_Y2.3_Z2.5_Yaw120.png
1560 -0.18301270 -0.18301270 -0.68301270 0.68301270 3.87294734 2.50000000 4.89185843 1 pos_X5.8_Y2.3_Z2.5_Yaw240.png
1561 0.50000000 0.50000000 -0.50000000 0.50000000 2.80000000 0.50000000 -5.80000000 1 pos_X5.8_Y2.8_Z0.5_Yaw0.png
1562 0.68301270 0.68301270 0.18301270 -0.18301270 -6.42294734 0.50000000 0.47512887 1 pos_X5.8_Y2.8_Z0.5_Yaw120.png
1563 -0.18301270 -0.18301270 -0.68301270 0.68301270 3.62294734 0.50000000 5.32487113 1 pos_X5.8_Y2.8_Z0.5_Yaw240.png
1564 0.50000000 0.50000000 -0.50000000 0.50000000 2.80000000 1.00000000 -5.80000000 1 pos_X5.8_Y2.8_Z1.0_Yaw0.png
1565 0.68301270 0.68301270 0.18301270 -0.18301270 -6.42294734 1.00000000 0.47512887 1 pos_X5.8_Y2.8_Z1.0_Yaw120.png
1566 -0.18301270 -0.18301270 -0.68301270 0.68301270 3.62294734 1.00000000 5.32487113 1 pos_X5.8_Y2.8_Z1.0_Yaw240.png
1567 0.50000000 0.50000000 -0.50000000 0.50000000 2.80000000 1.50000000 -5.80000000 1 pos_X5.8_Y2.8_Z1.5_Yaw0.png
1568 0.68301270 0.68301270 0.18301270 -0.18301270 -6.42294734 1.50000000 0.47512887 1 pos_X5.8_Y2.8_Z1.5_Yaw120.png
1569 -0.18301270 -0.18301270 -0.68301270 0.68301270 3.62294734 1.50000000 5.32487113 1 pos_X5.8_Y2.8_Z1.5_Yaw240.png
1570 0.50000000 0.50000000 -0.50000000 0.50000000 2.80000000 2.00000000 -5.80000000 1 pos_X5.8_Y2.8_Z2.0_Yaw0.png
1571 0.68301270 0.68301270 0.18301270 -0.18301270 -6.42294734 2.00000000 0.47512887 1 pos_X5.8_Y2.8_Z2.0_Yaw120.png
1572 -0.18301270 -0.18301270 -0.68301270 0.68301270 3.62294734 2.00000000 5.32487113 1 pos_X5.8_Y2.8_Z2.0_Yaw240.png
1573 0.50000000 0.50000000 -0.50000000 0.50000000 2.80000000 2.50000000 -5.80000000 1 pos_X5.8_Y2.8_Z2.5_Yaw0.png
1574 0.68301270 0.68301270 0.18301270 -0.18301270 -6.42294734 2.50000000 0.47512887 1 pos_X5.8_Y2.8_Z2.5_Yaw120.png
1575 -0.18301270 -0.18301270 -0.68301270 0.68301270 3.62294734 2.50000000 5.32487113 1 pos_X5.8_Y2.8_Z2.5_Yaw240.png
1576 0.50000000 0.50000000 -0.50000000 0.50000000 3.30000000 0.50000000 -5.80000000 1 pos_X5.8_Y3.3_Z0.5_Yaw0.png
1577 0.68301270 0.68301270 0.18301270 -0.18301270 -6.67294734 0.50000000 0.04211617 1 pos_X5.8_Y3.3_Z0.5_Yaw120.png
1578 -0.18301270 -0.18301270 -0.68301270 0.68301270 3.37294734 0.50000000 5.75788383 1 pos_X5.8_Y3.3_Z0.5_Yaw240.png
1579 0.50000000 0.50000000 -0.50000000 0.50000000 3.30000000 1.00000000 -5.80000000 1 pos_X5.8_Y3.3_Z1.0_Yaw0.png
1580 0.68301270 0.68301270 0.18301270 -0.18301270 -6.67294734 1.00000000 0.04211617 1 pos_X5.8_Y3.3_Z1.0_Yaw120.png
1581 -0.18301270 -0.18301270 -0.68301270 0.68301270 3.37294734 1.00000000 5.75788383 1 pos_X5.8_Y3.3_Z1.0_Yaw240.png
1582 0.50000000 0.50000000 -0.50000000 0.50000000 3.30000000 1.50000000 -5.80000000 1 pos_X5.8_Y3.3_Z1.5_Yaw0.png
1583 0.68301270 0.68301270 0.18301270 -0.18301270 -6.67294734 1.50000000 0.04211617 1 pos_X5.8_Y3.3_Z1.5_Yaw120.png
1584 -0.18301270 -0.18301270 -0.68301270 0.68301270 3.37294734 1.50000000 5.75788383 1 pos_X5.8_Y3.3_Z1.5_Yaw240.png
1585 0.50000000 0.50000000 -0.50000000 0.50000000 3.30000000 2.00000000 -5.80000000 1 pos_X5.8_Y3.3_Z2.0_Yaw0.png
1586 0.68301270 0.68301270 0.18301270 -0.18301270 -6.67294734 2.00000000 0.04211617 1 pos_X5.8_Y3.3_Z2.0_Yaw120.png
1587 -0.18301270 -0.18301270 -0.68301270 0.68301270 3.37294734 2.00000000 5.75788383 1 pos_X5.8_Y3.3_Z2.0_Yaw240.png
1588 0.50000000 0.50000000 -0.50000000 0.50000000 3.30000000 2.50000000 -5.80000000 1 pos_X5.8_Y3.3_Z2.5_Yaw0.png
1589 0.68301270 0.68301270 0.18301270 -0.18301270 -6.67294734 2.50000000 0.04211617 1 pos_X5.8_Y3.3_Z2.5_Yaw120.png
1590 -0.18301270 -0.18301270 -0.68301270 0.68301270 3.37294734 2.50000000 5.75788383 1 pos_X5.8_Y3.3_Z2.5_Yaw240.png
1591 0.50000000 0.50000000 -0.50000000 0.50000000 3.80000000 0.50000000 -5.80000000 1 pos_X5.8_Y3.8_Z0.5_Yaw0.png
1592 0.68301270 0.68301270 0.18301270 -0.18301270 -6.92294734 0.50000000 -0.39089653 1 pos_X5.8_Y3.8_Z0.5_Yaw120.png
1593 -0.18301270 -0.18301270 -0.68301270 0.68301270 3.12294734 0.50000000 6.19089653 1 pos_X5.8_Y3.8_Z0.5_Yaw240.png
1594 0.50000000 0.50000000 -0.50000000 0.50000000 3.80000000 1.00000000 -5.80000000 1 pos_X5.8_Y3.8_Z1.0_Yaw0.png
1595 0.68301270 0.68301270 0.18301270 -0.18301270 -6.92294734 1.00000000 -0.39089653 1 pos_X5.8_Y3.8_Z1.0_Yaw120.png
1596 -0.18301270 -0.18301270 -0.68301270 0.68301270 3.12294734 1.00000000 6.19089653 1 pos_X5.8_Y3.8_Z1.0_Yaw240.png
1597 0.50000000 0.50000000 -0.50000000 0.50000000 3.80000000 1.50000000 -5.80000000 1 pos_X5.8_Y3.8_Z1.5_Yaw0.png
1598 0.68301270 0.68301270 0.18301270 -0.18301270 -6.92294734 1.50000000 -0.39089653 1 pos_X5.8_Y3.8_Z1.5_Yaw120.png
1599 -0.18301270 -0.18301270 -0.68301270 0.68301270 3.12294734 1.50000000 6.19089653 1 pos_X5.8_Y3.8_Z1.5_Yaw240.png
1600 0.50000000 0.50000000 -0.50000000 0.50000000 3.80000000 2.00000000 -5.80000000 1 pos_X5.8_Y3.8_Z2.0_Yaw0.png
1601 0.68301270 0.68301270 0.18301270 -0.18301270 -6.92294734 2.00000000 -0.39089653 1 pos_X5.8_Y3.8_Z2.0_Yaw120.png
1602 -0.18301270 -0.18301270 -0.68301270 0.68301270 3.12294734 2.00000000 6.19089653 1 pos_X5.8_Y3.8_Z2.0_Yaw240.png
1603 0.50000000 0.50000000 -0.50000000 0.50000000 3.80000000 2.50000000 -5.80000000 1 pos_X5.8_Y3.8_Z2.5_Yaw0.png
1604 0.68301270 0.68301270 0.18301270 -0.18301270 -6.92294734 2.50000000 -0.39089653 1 pos_X5.8_Y3.8_Z2.5_Yaw120.png
1605 -0.18301270 -0.18301270 -0.68301270 0.68301270 3.12294734 2.50000000 6.19089653 1 pos_X5.8_Y3.8_Z2.5_Yaw240.png
