0.4 0.4 1.2
0.4 0.4 1.8
0.4 0.4 2.5
0.4 1.4 1.2
0.4 1.4 1.8
0.4 1.4 2.5
0.4 2.5 1.2
0.4 2.5 1.8
0.4 2.5 2.5
0.4 3.5 1.2
0.4 3.5 1.8
0.4 3.5 2.5
0.4 4.6 1.2
0.4 4.6 1.8
0.4 4.6 2.5
1.4 0.4 1.2
1.4 0.4 1.8
1.4 0.4 2.5
1.4 1.4 1.2
1.4 1.4 1.8
1.4 1.4 2.5
1.4 2.5 1.2
1.4 2.5 1.8
1.4 2.5 2.5
1.4 3.5 1.2
1.4 3.5 1.8
1.4 3.5 2.5
1.4 4.6 1.2
1.4 4.6 1.8
1.4 4.6 2.5
2.5 0.4 1.2
2.5 0.4 1.8
2.5 0.4 2.5
2.5 1.4 1.2
2.5 1.4 1.8
2.5 1.4 2.5
2.5 2.5 1.2
2.5 2.5 1.8
2.5 2.5 2.5
2.5 3.5 1.2
2.5 3.5 1.8
2.5 3.5 2.5
2.5 4.6 1.2
2.5 4.6 1.8
2.5 4.6 2.5
3.5 0.4 1.2
3.5 0.4 1.8
3.5 0.4 2.5
3.5 1.4 1.2
3.5 1.4 1.8
3.5 1.4 2.5
3.5 2.5 1.2
3.5 2.5 1.8
3.5 2.5 2.5
3.5 3.5 1.2
3.5 3.5 1.8
3.5 3.5 2.5
3.5 4.6 1.2
3.5 4.6 1.8
3.5 4.6 2.5
4.5 0.4 1.2
4.5 0.4 1.8
4.5 0.4 2.5
4.5 1.4 1.2
4.5 1.4 1.8
4.5 1.4 2.5
4.5 2.5 1.2
4.5 2.5 1.8
4.5 2.5 2.5
4.5 3.5 1.2
4.5 3.5 1.8
4.5 3.5 2.5
4.5 4.6 1.2
4.5 4.6 1.8
4.5 4.6 2.5
5.6 0.4 1.2
5.6 0.4 1.8
5.6 0.4 2.5
5.6 1.4 1.2
5.6 1.4 1.8
5.6 1.4 2.5
5.6 2.5 1.2
5.6 2.5 1.8
5.6 2.5 2.5
5.6 3.5 1.2
5.6 3.5 1.8
5.6 3.5 2.5
5.6 4.6 1.2
5.6 4.6 1.8
5.6 4.6 2.5
6.6 0.4 1.2
6.6 0.4 1.8
6.6 0.4 2.5
6.6 1.4 1.2
6.6 1.4 1.8
6.6 1.4 2.5
6.6 2.5 1.2
6.6 2.5 1.8
6.6 2.5 2.5
6.6 3.5 1.2
6.6 3.5 1.8
6.6 3.5 2.5
6.6 4.6 1.2
6.6 4.6 1.8
6.6 4.6 2.5
