1 -0.5000000000000001 -0.5 0.4999999999999999 -0.5 0.29999999999999993 1.2 -0.3000000000000003 1 00001.png

2 -0.6830127018922194 -0.6830127018922192 -0.1830127018922193 0.18301270189221935 -0.40980762113533153 1.2 -0.1098076211353319 1 00002.png

3 -0.1830127018922194 -0.18301270189221935 -0.6830127018922192 0.6830127018922194 0.10980762113533146 1.2 0.4098076211353312 1 00003.png

4 -0.5000000000000001 -0.5 0.4999999999999999 -0.5 1.4000000000000001 1.2 -0.3000000000000006 1 00004.png

5 -0.6830127018922194 -0.6830127018922192 -0.1830127018922193 0.18301270189221935 -0.9598076211353317 1.1999999999999995 -1.0624355652982145 1 00005.png

6 -0.1830127018922194 -0.18301270189221935 -0.6830127018922192 0.6830127018922194 -0.4401923788646689 1.2000000000000004 1.3624355652982139 1 00006.png

7 -0.5000000000000001 -0.5 0.4999999999999999 -0.5 2.5 1.2 -0.3000000000000008 1 00007.png

8 -0.6830127018922194 -0.6830127018922192 -0.1830127018922193 0.18301270189221935 -1.5098076211353315 1.1999999999999993 -2.015063509461097 1 00008.png

9 -0.1830127018922194 -0.18301270189221935 -0.6830127018922192 0.6830127018922194 -0.9901923788646689 1.2000000000000006 2.315063509461096 1 00009.png

10 -0.5000000000000001 -0.5 0.4999999999999999 -0.5 3.6 1.2 -0.30000000000000104 1 00010.png

11 -0.6830127018922194 -0.6830127018922192 -0.1830127018922193 0.18301270189221935 -2.059807621135332 1.1999999999999988 -2.9676914536239796 1 00011.png

12 -0.1830127018922194 -0.18301270189221935 -0.6830127018922192 0.6830127018922194 -1.5401923788646694 1.2000000000000008 3.2676914536239785 1 00012.png

13 -0.5000000000000001 -0.5 0.4999999999999999 -0.5 4.7 1.2 -0.3000000000000013 1 00013.png

14 -0.6830127018922194 -0.6830127018922192 -0.1830127018922193 0.18301270189221935 -2.6098076211353316 1.1999999999999986 -3.9203193977868622 1 00014.png

15 -0.1830127018922194 -0.18301270189221935 -0.6830127018922192 0.6830127018922194 -2.0901923788646695 1.200000000000001 4.220319397786861 1 00015.png

16 -0.5000000000000001 -0.5 0.4999999999999999 -0.5 0.29999999999999977 1.1999999999999997 -1.0111111111111113 1 00016.png

17 -0.6830127018922194 -0.6830127018922192 -0.1830127018922193 0.18301270189221935 -1.0256479082709322 1.2000000000000002 0.24574793442022363 1 00017.png

18 -0.1830127018922194 -0.18301270189221935 -0.6830127018922192 0.6830127018922194 0.7256479082709322 1.2000000000000002 0.7653631766908868 1 00018.png

19 -0.5000000000000001 -0.5 0.4999999999999999 -0.5 1.4 1.1999999999999997 -1.0111111111111115 1 00019.png

20 -0.6830127018922194 -0.6830127018922192 -0.1830127018922193 0.18301270189221935 -1.5756479082709323 1.1999999999999997 -0.706880009742659 1 00020.png

21 -0.1830127018922194 -0.18301270189221935 -0.6830127018922192 0.6830127018922194 0.1756479082709318 1.2000000000000006 1.7179911208537695 1 00021.png

22 -0.5000000000000001 -0.5 0.4999999999999999 -0.5 2.4999999999999996 1.1999999999999997 -1.011111111111112 1 00022.png

23 -0.6830127018922194 -0.6830127018922192 -0.1830127018922193 0.18301270189221935 -2.125647908270932 1.1999999999999995 -1.6595079539055413 1 00023.png

24 -0.1830127018922194 -0.18301270189221935 -0.6830127018922192 0.6830127018922194 -0.37435209172906825 1.2000000000000008 2.670619065016652 1 00024.png

25 -0.5000000000000001 -0.5 0.4999999999999999 -0.5 3.5999999999999996 1.1999999999999997 -1.0111111111111122 1 00025.png

26 -0.6830127018922194 -0.6830127018922192 -0.1830127018922193 0.18301270189221935 -2.6756479082709324 1.1999999999999993 -2.612135898068424 1 00026.png

27 -0.1830127018922194 -0.18301270189221935 -0.6830127018922192 0.6830127018922194 -0.9243520917290687 1.200000000000001 3.6232470091795346 1 00027.png

28 -0.5000000000000001 -0.5 0.4999999999999999 -0.5 4.7 1.1999999999999997 -1.0111111111111124 1 00028.png

29 -0.6830127018922194 -0.6830127018922192 -0.1830127018922193 0.18301270189221935 -3.2256479082709326 1.1999999999999988 -3.5647638422313066 1 00029.png

30 -0.1830127018922194 -0.18301270189221935 -0.6830127018922192 0.6830127018922194 -1.474352091729069 1.2000000000000013 4.575874953342417 1 00030.png

31 -0.5000000000000001 -0.5 0.4999999999999999 -0.5 0.2999999999999996 1.1999999999999995 -1.7222222222222225 1 00031.png

32 -0.6830127018922194 -0.6830127018922192 -0.1830127018922193 0.18301270189221935 -1.6414881954065332 1.2000000000000002 0.6013034899757792 1 00032.png

33 -0.1830127018922194 -0.18301270189221935 -0.6830127018922192 0.6830127018922194 1.341488195406533 1.2000000000000002 1.1209187322464427 1 00033.png

34 -0.5000000000000001 -0.5 0.4999999999999999 -0.5 1.3999999999999997 1.1999999999999995 -1.7222222222222228 1 00034.png

35 -0.6830127018922194 -0.6830127018922192 -0.1830127018922193 0.18301270189221935 -2.1914881954065333 1.1999999999999997 -0.35132445418710334 1 00035.png

36 -0.1830127018922194 -0.18301270189221935 -0.6830127018922192 0.6830127018922194 0.7914881954065327 1.2000000000000006 2.0735466764093253 1 00036.png

37 -0.5000000000000001 -0.5 0.4999999999999999 -0.5 2.4999999999999996 1.1999999999999995 -1.7222222222222232 1 00037.png

38 -0.6830127018922194 -0.6830127018922192 -0.1830127018922193 0.18301270189221935 -2.741488195406533 1.1999999999999995 -1.3039523983499857 1 00038.png

39 -0.1830127018922194 -0.18301270189221935 -0.6830127018922192 0.6830127018922194 0.24148819540653266 1.2000000000000008 3.0261746205722075 1 00039.png

40 -0.5000000000000001 -0.5 0.4999999999999999 -0.5 3.5999999999999996 1.1999999999999995 -1.7222222222222234 1 00040.png

41 -0.6830127018922194 -0.6830127018922192 -0.1830127018922193 0.18301270189221935 -3.2914881954065334 1.1999999999999993 -2.2565803425128683 1 00041.png

42 -0.1830127018922194 -0.18301270189221935 -0.6830127018922192 0.6830127018922194 -0.30851180459346783 1.200000000000001 3.97880256473509 1 00042.png

43 -0.5000000000000001 -0.5 0.4999999999999999 -0.5 4.7 1.1999999999999995 -1.7222222222222237 1 00043.png

44 -0.6830127018922194 -0.6830127018922192 -0.1830127018922193 0.18301270189221935 -3.8414881954065336 1.1999999999999988 -3.209208286675751 1 00044.png

45 -0.1830127018922194 -0.18301270189221935 -0.6830127018922192 0.6830127018922194 -0.8585118045934679 1.2000000000000013 4.931430508897972 1 00045.png

46 -0.5000000000000001 -0.5 0.4999999999999999 -0.5 0.29999999999999943 1.1999999999999995 -2.4333333333333336 1 00046.png

47 -0.6830127018922194 -0.6830127018922192 -0.1830127018922193 0.18301270189221935 -2.2573284825421336 1.2000000000000004 0.9568590455313348 1 00047.png

48 -0.1830127018922194 -0.18301270189221935 -0.6830127018922192 0.6830127018922194 1.9573284825421335 1.2000000000000004 1.4764742878019979 1 00048.png

49 -0.5000000000000001 -0.5 0.4999999999999999 -0.5 1.3999999999999997 1.1999999999999995 -2.433333333333334 1 00049.png

50 -0.6830127018922194 -0.6830127018922192 -0.1830127018922193 0.18301270189221935 -2.807328482542134 1.2 0.0042311013684521726 1 00050.png

51 -0.1830127018922194 -0.18301270189221935 -0.6830127018922192 0.6830127018922194 1.4073284825421333 1.2000000000000008 2.4291022319648805 1 00051.png

52 -0.5000000000000001 -0.5 0.4999999999999999 -0.5 2.4999999999999996 1.1999999999999995 -2.433333333333334 1 00052.png

53 -0.6830127018922194 -0.6830127018922192 -0.1830127018922193 0.18301270189221935 -3.3573284825421337 1.1999999999999997 -0.94839684279443 1 00053.png

54 -0.1830127018922194 -0.18301270189221935 -0.6830127018922192 0.6830127018922194 0.8573284825421332 1.200000000000001 3.3817301761277627 1 00054.png

55 -0.5000000000000001 -0.5 0.4999999999999999 -0.5 3.5999999999999996 1.1999999999999995 -2.4333333333333345 1 00055.png

56 -0.6830127018922194 -0.6830127018922192 -0.1830127018922193 0.18301270189221935 -3.907328482542134 1.1999999999999993 -1.9010247869573127 1 00056.png

57 -0.1830127018922194 -0.18301270189221935 -0.6830127018922192 0.6830127018922194 0.30732848254213274 1.2000000000000013 4.334358120290645 1 00057.png

58 -0.5000000000000001 -0.5 0.4999999999999999 -0.5 4.699999999999999 1.1999999999999995 -2.4333333333333345 1 00058.png

59 -0.6830127018922194 -0.6830127018922192 -0.1830127018922193 0.18301270189221935 -4.457328482542134 1.199999999999999 -2.8536527311201954 1 00059.png

60 -0.1830127018922194 -0.18301270189221935 -0.6830127018922192 0.6830127018922194 -0.2426715174578673 1.2000000000000015 5.286986064453528 1 00060.png

61 -0.5000000000000001 -0.5 0.4999999999999999 -0.5 0.29999999999999927 1.1999999999999993 -3.144444444444445 1 00061.png

62 -0.6830127018922194 -0.6830127018922192 -0.1830127018922193 0.18301270189221935 -2.8731687696777346 1.2000000000000004 1.3124146010868905 1 00062.png

63 -0.1830127018922194 -0.18301270189221935 -0.6830127018922192 0.6830127018922194 2.5731687696777343 1.2000000000000004 1.8320298433575537 1 00063.png

64 -0.5000000000000001 -0.5 0.4999999999999999 -0.5 1.3999999999999995 1.1999999999999993 -3.1444444444444453 1 00064.png

65 -0.6830127018922194 -0.6830127018922192 -0.1830127018922193 0.18301270189221935 -3.423168769677735 1.2 0.3597866569240078 1 00065.png

66 -0.1830127018922194 -0.18301270189221935 -0.6830127018922192 0.6830127018922194 2.023168769677734 1.2000000000000008 2.7846577875204366 1 00066.png

67 -0.5000000000000001 -0.5 0.4999999999999999 -0.5 2.499999999999999 1.1999999999999993 -3.1444444444444453 1 00067.png

68 -0.6830127018922194 -0.6830127018922192 -0.1830127018922193 0.18301270189221935 -3.9731687696777347 1.1999999999999997 -0.5928412872388744 1 00068.png

69 -0.1830127018922194 -0.18301270189221935 -0.6830127018922192 0.6830127018922194 1.4731687696777338 1.200000000000001 3.7372857316833183 1 00069.png

70 -0.5000000000000001 -0.5 0.4999999999999999 -0.5 3.599999999999999 1.1999999999999993 -3.1444444444444457 1 00070.png

71 -0.6830127018922194 -0.6830127018922192 -0.1830127018922193 0.18301270189221935 -4.523168769677735 1.1999999999999993 -1.545469231401757 1 00071.png

72 -0.1830127018922194 -0.18301270189221935 -0.6830127018922192 0.6830127018922194 0.9231687696777333 1.2000000000000013 4.689913675846201 1 00072.png

73 -0.5000000000000001 -0.5 0.4999999999999999 -0.5 4.699999999999999 1.1999999999999993 -3.1444444444444457 1 00073.png

74 -0.6830127018922194 -0.6830127018922192 -0.1830127018922193 0.18301270189221935 -5.073168769677735 1.199999999999999 -2.4980971755646397 1 00074.png

75 -0.1830127018922194 -0.18301270189221935 -0.6830127018922192 0.6830127018922194 0.37316876967773327 1.2000000000000015 5.642541620009084 1 00075.png

76 -0.5000000000000001 -0.5 0.4999999999999999 -0.5 0.29999999999999916 1.199999999999999 -3.855555555555556 1 00076.png

77 -0.6830127018922194 -0.6830127018922192 -0.1830127018922193 0.18301270189221935 -3.4890090568133356 1.2000000000000004 1.667970156642446 1 00077.png

78 -0.1830127018922194 -0.18301270189221935 -0.6830127018922192 0.6830127018922194 3.1890090568133354 1.2000000000000006 2.1875853989131095 1 00078.png

79 -0.5000000000000001 -0.5 0.4999999999999999 -0.5 1.3999999999999992 1.199999999999999 -3.8555555555555565 1 00079.png

80 -0.6830127018922194 -0.6830127018922192 -0.1830127018922193 0.18301270189221935 -4.039009056813335 1.2 0.7153422124795634 1 00080.png

81 -0.1830127018922194 -0.18301270189221935 -0.6830127018922192 0.6830127018922194 2.639009056813335 1.200000000000001 3.1402133430759918 1 00081.png

82 -0.5000000000000001 -0.5 0.4999999999999999 -0.5 2.499999999999999 1.199999999999999 -3.8555555555555565 1 00082.png

83 -0.6830127018922194 -0.6830127018922192 -0.1830127018922193 0.18301270189221935 -4.589009056813335 1.1999999999999997 -0.2372857316833188 1 00083.png

84 -0.1830127018922194 -0.18301270189221935 -0.6830127018922192 0.6830127018922194 2.089009056813335 1.2000000000000013 4.092841287238874 1 00084.png

85 -0.5000000000000001 -0.5 0.4999999999999999 -0.5 3.599999999999999 1.199999999999999 -3.855555555555557 1 00085.png

86 -0.6830127018922194 -0.6830127018922192 -0.1830127018922193 0.18301270189221935 -5.139009056813336 1.1999999999999993 -1.1899136758462014 1 00086.png

87 -0.1830127018922194 -0.18301270189221935 -0.6830127018922192 0.6830127018922194 1.5390090568133343 1.2000000000000015 5.045469231401757 1 00087.png

88 -0.5000000000000001 -0.5 0.4999999999999999 -0.5 4.699999999999999 1.199999999999999 -3.855555555555557 1 00088.png

89 -0.6830127018922194 -0.6830127018922192 -0.1830127018922193 0.18301270189221935 -5.689009056813336 1.199999999999999 -2.142541620009084 1 00089.png

90 -0.1830127018922194 -0.18301270189221935 -0.6830127018922192 0.6830127018922194 0.9890090568133343 1.2000000000000017 5.99809717556464 1 00090.png

91 -0.5000000000000001 -0.5 0.4999999999999999 -0.5 0.299999999999999 1.1999999999999988 -4.566666666666666 1 00091.png

92 -0.6830127018922194 -0.6830127018922192 -0.1830127018922193 0.18301270189221935 -4.104849343948936 1.2000000000000006 2.0235257121980013 1 00092.png

93 -0.1830127018922194 -0.18301270189221935 -0.6830127018922192 0.6830127018922194 3.8048493439489355 1.2000000000000006 2.5431409544686647 1 00093.png

94 -0.5000000000000001 -0.5 0.4999999999999999 -0.5 1.399999999999999 1.1999999999999988 -4.566666666666666 1 00094.png

95 -0.6830127018922194 -0.6830127018922192 -0.1830127018922193 0.18301270189221935 -4.654849343948936 1.2000000000000002 1.0708977680351186 1 00095.png

96 -0.1830127018922194 -0.18301270189221935 -0.6830127018922192 0.6830127018922194 3.254849343948935 1.200000000000001 3.4957688986315474 1 00096.png

97 -0.5000000000000001 -0.5 0.4999999999999999 -0.5 2.499999999999999 1.1999999999999988 -4.566666666666667 1 00097.png

98 -0.6830127018922194 -0.6830127018922192 -0.1830127018922193 0.18301270189221935 -5.204849343948936 1.2 0.11826982387223639 1 00098.png

99 -0.1830127018922194 -0.18301270189221935 -0.6830127018922192 0.6830127018922194 2.704849343948935 1.2000000000000013 4.44839684279443 1 00099.png

100 -0.5000000000000001 -0.5 0.4999999999999999 -0.5 3.599999999999999 1.1999999999999988 -4.566666666666667 1 00100.png

101 -0.6830127018922194 -0.6830127018922192 -0.1830127018922193 0.18301270189221935 -5.754849343948936 1.1999999999999997 -0.8343581202906463 1 00101.png

102 -0.1830127018922194 -0.18301270189221935 -0.6830127018922192 0.6830127018922194 2.1548493439489347 1.2000000000000015 5.401024786957312 1 00102.png

103 -0.5000000000000001 -0.5 0.4999999999999999 -0.5 4.699999999999999 1.1999999999999988 -4.566666666666667 1 00103.png

104 -0.6830127018922194 -0.6830127018922192 -0.1830127018922193 0.18301270189221935 -6.304849343948936 1.1999999999999993 -1.786986064453529 1 00104.png

105 -0.1830127018922194 -0.18301270189221935 -0.6830127018922192 0.6830127018922194 1.6048493439489344 1.2000000000000017 6.353652731120195 1 00105.png

106 -0.5000000000000001 -0.5 0.4999999999999999 -0.5 0.2999999999999988 1.1999999999999988 -5.277777777777778 1 00106.png

107 -0.6830127018922194 -0.6830127018922192 -0.1830127018922193 0.18301270189221935 -4.720689631084538 1.2000000000000006 2.379081267753557 1 00107.png

108 -0.1830127018922194 -0.18301270189221935 -0.6830127018922192 0.6830127018922194 4.420689631084536 1.2000000000000008 2.8986965100242204 1 00108.png

109 -0.5000000000000001 -0.5 0.4999999999999999 -0.5 1.399999999999999 1.1999999999999988 -5.277777777777778 1 00109.png

110 -0.6830127018922194 -0.6830127018922192 -0.1830127018922193 0.18301270189221935 -5.2706896310845375 1.2000000000000002 1.4264533235906742 1 00110.png

111 -0.1830127018922194 -0.18301270189221935 -0.6830127018922192 0.6830127018922194 3.8706896310845362 1.2000000000000013 3.851324454187103 1 00111.png

112 -0.5000000000000001 -0.5 0.4999999999999999 -0.5 2.4999999999999987 1.1999999999999988 -5.277777777777779 1 00112.png

113 -0.6830127018922194 -0.6830127018922192 -0.1830127018922193 0.18301270189221935 -5.820689631084537 1.2 0.473825379427792 1 00113.png

114 -0.1830127018922194 -0.18301270189221935 -0.6830127018922192 0.6830127018922194 3.320689631084536 1.2000000000000015 4.803952398349985 1 00114.png

115 -0.5000000000000001 -0.5 0.4999999999999999 -0.5 3.5999999999999988 1.1999999999999988 -5.277777777777779 1 00115.png

116 -0.6830127018922194 -0.6830127018922192 -0.1830127018922193 0.18301270189221935 -6.370689631084537 1.1999999999999997 -0.47880256473509064 1 00116.png

117 -0.1830127018922194 -0.18301270189221935 -0.6830127018922192 0.6830127018922194 2.7706896310845357 1.2000000000000017 5.756580342512867 1 00117.png

118 -0.5000000000000001 -0.5 0.4999999999999999 -0.5 4.699999999999999 1.1999999999999988 -5.277777777777779 1 00118.png

119 -0.6830127018922194 -0.6830127018922192 -0.1830127018922193 0.18301270189221935 -6.920689631084537 1.1999999999999993 -1.4314305088979733 1 00119.png

120 -0.1830127018922194 -0.18301270189221935 -0.6830127018922192 0.6830127018922194 2.2206896310845354 1.200000000000002 6.70920828667575 1 00120.png

121 -0.5000000000000001 -0.5 0.4999999999999999 -0.5 0.29999999999999866 1.1999999999999986 -5.988888888888889 1 00121.png

122 -0.6830127018922194 -0.6830127018922192 -0.1830127018922193 0.18301270189221935 -5.336529918220138 1.2000000000000008 2.7346368233091125 1 00122.png

123 -0.1830127018922194 -0.18301270189221935 -0.6830127018922192 0.6830127018922194 5.036529918220137 1.2000000000000008 3.254252065579776 1 00123.png

124 -0.5000000000000001 -0.5 0.4999999999999999 -0.5 1.3999999999999988 1.1999999999999986 -5.988888888888889 1 00124.png

125 -0.6830127018922194 -0.6830127018922192 -0.1830127018922193 0.18301270189221935 -5.886529918220138 1.2000000000000004 1.7820088791462299 1 00125.png

126 -0.1830127018922194 -0.18301270189221935 -0.6830127018922192 0.6830127018922194 4.486529918220137 1.2000000000000013 4.206880009742658 1 00126.png

127 -0.5000000000000001 -0.5 0.4999999999999999 -0.5 2.4999999999999987 1.1999999999999986 -5.98888888888889 1 00127.png

128 -0.6830127018922194 -0.6830127018922192 -0.1830127018922193 0.18301270189221935 -6.436529918220137 1.2000000000000002 0.8293809349833476 1 00128.png

129 -0.1830127018922194 -0.18301270189221935 -0.6830127018922192 0.6830127018922194 3.936529918220137 1.2000000000000015 5.159507953905541 1 00129.png

130 -0.5000000000000001 -0.5 0.4999999999999999 -0.5 3.5999999999999988 1.1999999999999986 -5.98888888888889 1 00130.png

131 -0.6830127018922194 -0.6830127018922192 -0.1830127018922193 0.18301270189221935 -6.986529918220137 1.1999999999999997 -0.12324700917953502 1 00131.png

132 -0.1830127018922194 -0.18301270189221935 -0.6830127018922192 0.6830127018922194 3.3865299182201367 1.2000000000000017 6.1121358980684235 1 00132.png

133 -0.5000000000000001 -0.5 0.4999999999999999 -0.5 4.699999999999999 1.1999999999999986 -5.98888888888889 1 00133.png

134 -0.6830127018922194 -0.6830127018922192 -0.1830127018922193 0.18301270189221935 -7.536529918220138 1.1999999999999995 -1.0758749533424177 1 00134.png

135 -0.1830127018922194 -0.18301270189221935 -0.6830127018922192 0.6830127018922194 2.8365299182201364 1.200000000000002 7.064763842231306 1 00135.png

136 -0.5000000000000001 -0.5 0.4999999999999999 -0.5 0.2999999999999985 1.1999999999999984 -6.7 1 00136.png

137 -0.6830127018922194 -0.6830127018922192 -0.1830127018922193 0.18301270189221935 -5.952370205355739 1.2000000000000008 3.090192378864668 1 00137.png

138 -0.1830127018922194 -0.18301270189221935 -0.6830127018922192 0.6830127018922194 5.652370205355738 1.200000000000001 3.609807621135332 1 00138.png

139 -0.5000000000000001 -0.5 0.4999999999999999 -0.5 1.3999999999999986 1.1999999999999984 -6.7 1 00139.png

140 -0.6830127018922194 -0.6830127018922192 -0.1830127018922193 0.18301270189221935 -6.502370205355739 1.2000000000000004 2.1375644347017855 1 00140.png

141 -0.1830127018922194 -0.18301270189221935 -0.6830127018922192 0.6830127018922194 5.102370205355738 1.2000000000000015 4.562435565298214 1 00141.png

142 -0.5000000000000001 -0.5 0.4999999999999999 -0.5 2.4999999999999987 1.1999999999999984 -6.700000000000001 1 00142.png

143 -0.6830127018922194 -0.6830127018922192 -0.1830127018922193 0.18301270189221935 -7.052370205355738 1.2000000000000002 1.1849364905389033 1 00143.png

144 -0.1830127018922194 -0.18301270189221935 -0.6830127018922192 0.6830127018922194 4.5523702053557376 1.2000000000000017 5.515063509461097 1 00144.png

145 -0.5000000000000001 -0.5 0.4999999999999999 -0.5 3.5999999999999988 1.1999999999999984 -6.700000000000001 1 00145.png

146 -0.6830127018922194 -0.6830127018922192 -0.1830127018922193 0.18301270189221935 -7.602370205355738 1.1999999999999997 0.2323085463760206 1 00146.png

147 -0.1830127018922194 -0.18301270189221935 -0.6830127018922192 0.6830127018922194 4.002370205355738 1.200000000000002 6.46769145362398 1 00147.png

148 -0.5000000000000001 -0.5 0.4999999999999999 -0.5 4.699999999999998 1.1999999999999984 -6.700000000000001 1 00148.png

149 -0.6830127018922194 -0.6830127018922192 -0.1830127018922193 0.18301270189221935 -8.152370205355739 1.1999999999999995 -0.720319397786862 1 00149.png

150 -0.1830127018922194 -0.18301270189221935 -0.6830127018922192 0.6830127018922194 3.4523702053557375 1.2000000000000022 7.420319397786862 1 00150.png

