1 -0.5000000000000001 -0.5 0.4999999999999999 -0.5 0.29999999999999993 1.2 -0.3000000000000003 1 00001.png

2 -0.6830127018922194 -0.6830127018922192 -0.1830127018922193 0.18301270189221935 -0.40980762113533153 1.2 -0.1098076211353319 1 00002.png

3 -0.1830127018922194 -0.18301270189221935 -0.6830127018922192 0.6830127018922194 0.10980762113533146 1.2 0.4098076211353312 1 00003.png

4 -0.5000000000000001 -0.5 0.4999999999999999 -0.5 0.29999999999999993 2.5 -0.3000000000000006 1 00004.png

5 -0.6830127018922194 -0.6830127018922192 -0.1830127018922193 0.18301270189221935 -0.40980762113533153 2.5 -0.10980762113533227 1 00005.png

6 -0.1830127018922194 -0.18301270189221935 -0.6830127018922192 0.6830127018922194 0.10980762113533146 2.5 0.40980762113533087 1 00006.png

7 -0.5000000000000001 -0.5 0.4999999999999999 -0.5 0.9285714285714285 1.2 -0.3000000000000005 1 00007.png

8 -0.6830127018922194 -0.6830127018922192 -0.1830127018922193 0.18301270189221935 -0.7240933354210459 1.1999999999999997 -0.6541664463712648 1 00008.png

9 -0.1830127018922194 -0.18301270189221935 -0.6830127018922192 0.6830127018922194 -0.204478093150383 1.2000000000000002 0.9541664463712641 1 00009.png

10 -0.5000000000000001 -0.5 0.4999999999999999 -0.5 0.9285714285714285 2.5 -0.30000000000000077 1 00010.png

11 -0.6830127018922194 -0.6830127018922192 -0.1830127018922193 0.18301270189221935 -0.7240933354210459 2.4999999999999996 -0.6541664463712651 1 00011.png

12 -0.1830127018922194 -0.18301270189221935 -0.6830127018922192 0.6830127018922194 -0.204478093150383 2.5000000000000004 0.9541664463712637 1 00012.png

13 -0.5000000000000001 -0.5 0.4999999999999999 -0.5 1.5571428571428574 1.2 -0.3000000000000006 1 00013.png

14 -0.6830127018922194 -0.6830127018922192 -0.1830127018922193 0.18301270189221935 -1.0383790497067602 1.1999999999999995 -1.1985252716071977 1 00014.png

15 -0.1830127018922194 -0.18301270189221935 -0.6830127018922192 0.6830127018922194 -0.5187638074360975 1.2000000000000004 1.498525271607197 1 00015.png

16 -0.5000000000000001 -0.5 0.4999999999999999 -0.5 1.5571428571428574 2.5 -0.3000000000000009 1 00016.png

17 -0.6830127018922194 -0.6830127018922192 -0.1830127018922193 0.18301270189221935 -1.0383790497067602 2.4999999999999996 -1.1985252716071981 1 00017.png

18 -0.1830127018922194 -0.18301270189221935 -0.6830127018922192 0.6830127018922194 -0.5187638074360975 2.5000000000000004 1.4985252716071966 1 00018.png

19 -0.5000000000000001 -0.5 0.4999999999999999 -0.5 2.185714285714286 1.2 -0.30000000000000077 1 00019.png

20 -0.6830127018922194 -0.6830127018922192 -0.1830127018922193 0.18301270189221935 -1.3526647639924745 1.1999999999999993 -1.7428840968431305 1 00020.png

21 -0.1830127018922194 -0.18301270189221935 -0.6830127018922192 0.6830127018922194 -0.8330495217218119 1.2000000000000006 2.04288409684313 1 00021.png

22 -0.5000000000000001 -0.5 0.4999999999999999 -0.5 2.185714285714286 2.5 -0.30000000000000104 1 00022.png

23 -0.6830127018922194 -0.6830127018922192 -0.1830127018922193 0.18301270189221935 -1.3526647639924745 2.4999999999999996 -1.742884096843131 1 00023.png

24 -0.1830127018922194 -0.18301270189221935 -0.6830127018922192 0.6830127018922194 -0.8330495217218119 2.5000000000000004 2.0428840968431294 1 00024.png

25 -0.5000000000000001 -0.5 0.4999999999999999 -0.5 2.8142857142857145 1.2 -0.3000000000000009 1 00025.png

26 -0.6830127018922194 -0.6830127018922192 -0.1830127018922193 0.18301270189221935 -1.6669504782781888 1.199999999999999 -2.2872429220790638 1 00026.png

27 -0.1830127018922194 -0.18301270189221935 -0.6830127018922192 0.6830127018922194 -1.1473352360075264 1.2000000000000006 2.5872429220790627 1 00027.png

28 -0.5000000000000001 -0.5 0.4999999999999999 -0.5 2.8142857142857145 2.5 -0.30000000000000115 1 00028.png

29 -0.6830127018922194 -0.6830127018922192 -0.1830127018922193 0.18301270189221935 -1.6669504782781888 2.499999999999999 -2.2872429220790638 1 00029.png

30 -0.1830127018922194 -0.18301270189221935 -0.6830127018922192 0.6830127018922194 -1.1473352360075264 2.500000000000001 2.5872429220790627 1 00030.png

31 -0.5000000000000001 -0.5 0.4999999999999999 -0.5 3.442857142857143 1.2 -0.30000000000000104 1 00031.png

32 -0.6830127018922194 -0.6830127018922192 -0.1830127018922193 0.18301270189221935 -1.981236192563903 1.199999999999999 -2.8316017473149966 1 00032.png

33 -0.1830127018922194 -0.18301270189221935 -0.6830127018922192 0.6830127018922194 -1.4616209502932407 1.2000000000000008 3.1316017473149955 1 00033.png

34 -0.5000000000000001 -0.5 0.4999999999999999 -0.5 3.442857142857143 2.5 -0.3000000000000013 1 00034.png

35 -0.6830127018922194 -0.6830127018922192 -0.1830127018922193 0.18301270189221935 -1.981236192563903 2.499999999999999 -2.8316017473149966 1 00035.png

36 -0.1830127018922194 -0.18301270189221935 -0.6830127018922192 0.6830127018922194 -1.4616209502932407 2.500000000000001 3.1316017473149955 1 00036.png

37 -0.5000000000000001 -0.5 0.4999999999999999 -0.5 4.071428571428572 1.2 -0.30000000000000115 1 00037.png

38 -0.6830127018922194 -0.6830127018922192 -0.1830127018922193 0.18301270189221935 -2.2955219068496175 1.1999999999999988 -3.37596057255093 1 00038.png

39 -0.1830127018922194 -0.18301270189221935 -0.6830127018922192 0.6830127018922194 -1.7759066645789554 1.200000000000001 3.675960572550929 1 00039.png

40 -0.5000000000000001 -0.5 0.4999999999999999 -0.5 4.071428571428572 2.5 -0.30000000000000143 1 00040.png

41 -0.6830127018922194 -0.6830127018922192 -0.1830127018922193 0.18301270189221935 -2.2955219068496175 2.4999999999999987 -3.37596057255093 1 00041.png

42 -0.1830127018922194 -0.18301270189221935 -0.6830127018922192 0.6830127018922194 -1.7759066645789554 2.500000000000001 3.675960572550929 1 00042.png

43 -0.5000000000000001 -0.5 0.4999999999999999 -0.5 4.7 1.2 -0.3000000000000013 1 00043.png

44 -0.6830127018922194 -0.6830127018922192 -0.1830127018922193 0.18301270189221935 -2.6098076211353316 1.1999999999999986 -3.9203193977868622 1 00044.png

45 -0.1830127018922194 -0.18301270189221935 -0.6830127018922192 0.6830127018922194 -2.0901923788646695 1.200000000000001 4.220319397786861 1 00045.png

46 -0.5000000000000001 -0.5 0.4999999999999999 -0.5 4.7 2.5 -0.3000000000000016 1 00046.png

47 -0.6830127018922194 -0.6830127018922192 -0.1830127018922193 0.18301270189221935 -2.6098076211353316 2.4999999999999987 -3.9203193977868622 1 00047.png

48 -0.1830127018922194 -0.18301270189221935 -0.6830127018922192 0.6830127018922194 -2.0901923788646695 2.5000000000000013 4.220319397786861 1 00048.png

49 -0.5000000000000001 -0.5 0.4999999999999999 -0.5 0.29999999999999977 1.1999999999999997 -0.8818181818181822 1 00049.png

50 -0.6830127018922194 -0.6830127018922192 -0.1830127018922193 0.18301270189221935 -0.9136769469735504 1.2000000000000002 0.18110146977375902 1 00050.png

51 -0.1830127018922194 -0.18301270189221935 -0.6830127018922192 0.6830127018922194 0.6136769469735502 1.2000000000000002 0.7007167120444222 1 00051.png

52 -0.5000000000000001 -0.5 0.4999999999999999 -0.5 0.29999999999999977 2.5 -0.8818181818181825 1 00052.png

53 -0.6830127018922194 -0.6830127018922192 -0.1830127018922193 0.18301270189221935 -0.9136769469735504 2.5 0.18110146977375868 1 00053.png

54 -0.1830127018922194 -0.18301270189221935 -0.6830127018922192 0.6830127018922194 0.6136769469735502 2.5 0.7007167120444219 1 00054.png

55 -0.5000000000000001 -0.5 0.4999999999999999 -0.5 0.9285714285714284 1.1999999999999997 -0.8818181818181823 1 00055.png

56 -0.6830127018922194 -0.6830127018922192 -0.1830127018922193 0.18301270189221935 -1.2279626612592647 1.2 -0.36325735546217386 1 00056.png

57 -0.1830127018922194 -0.18301270189221935 -0.6830127018922192 0.6830127018922194 0.29939123268783574 1.2000000000000004 1.2450755372803552 1 00057.png

58 -0.5000000000000001 -0.5 0.4999999999999999 -0.5 0.9285714285714284 2.5 -0.8818181818181826 1 00058.png

59 -0.6830127018922194 -0.6830127018922192 -0.1830127018922193 0.18301270189221935 -1.2279626612592647 2.4999999999999996 -0.3632573554621742 1 00059.png

60 -0.1830127018922194 -0.18301270189221935 -0.6830127018922192 0.6830127018922194 0.29939123268783574 2.5000000000000004 1.2450755372803548 1 00060.png

61 -0.5000000000000001 -0.5 0.4999999999999999 -0.5 1.5571428571428572 1.1999999999999997 -0.8818181818181824 1 00061.png

62 -0.6830127018922194 -0.6830127018922192 -0.1830127018922193 0.18301270189221935 -1.542248375544979 1.1999999999999997 -0.9076161806981068 1 00062.png

63 -0.1830127018922194 -0.18301270189221935 -0.6830127018922192 0.6830127018922194 -0.014894481597878761 1.2000000000000006 1.789434362516288 1 00063.png

64 -0.5000000000000001 -0.5 0.4999999999999999 -0.5 1.5571428571428572 2.5 -0.8818181818181827 1 00064.png

65 -0.6830127018922194 -0.6830127018922192 -0.1830127018922193 0.18301270189221935 -1.542248375544979 2.4999999999999996 -0.9076161806981071 1 00065.png

66 -0.1830127018922194 -0.18301270189221935 -0.6830127018922192 0.6830127018922194 -0.014894481597878761 2.5000000000000004 1.7894343625162876 1 00066.png

67 -0.5000000000000001 -0.5 0.4999999999999999 -0.5 2.185714285714286 1.1999999999999997 -0.8818181818181825 1 00067.png

68 -0.6830127018922194 -0.6830127018922192 -0.1830127018922193 0.18301270189221935 -1.8565340898306935 1.1999999999999995 -1.4519750059340395 1 00068.png

69 -0.1830127018922194 -0.18301270189221935 -0.6830127018922192 0.6830127018922194 -0.32918019588359315 1.2000000000000008 2.333793187752221 1 00069.png

70 -0.5000000000000001 -0.5 0.4999999999999999 -0.5 2.185714285714286 2.5 -0.8818181818181828 1 00070.png

71 -0.6830127018922194 -0.6830127018922192 -0.1830127018922193 0.18301270189221935 -1.8565340898306935 2.4999999999999996 -1.45197500593404 1 00071.png

72 -0.1830127018922194 -0.18301270189221935 -0.6830127018922192 0.6830127018922194 -0.32918019588359315 2.5000000000000004 2.3337931877522204 1 00072.png

73 -0.5000000000000001 -0.5 0.4999999999999999 -0.5 2.8142857142857145 1.1999999999999997 -0.8818181818181827 1 00073.png

74 -0.6830127018922194 -0.6830127018922192 -0.1830127018922193 0.18301270189221935 -2.1708198041164075 1.1999999999999993 -1.9963338311699728 1 00074.png

75 -0.1830127018922194 -0.18301270189221935 -0.6830127018922192 0.6830127018922194 -0.6434659101693077 1.2000000000000008 2.8781520129881537 1 00075.png

76 -0.5000000000000001 -0.5 0.4999999999999999 -0.5 2.8142857142857145 2.5 -0.8818181818181831 1 00076.png

77 -0.6830127018922194 -0.6830127018922192 -0.1830127018922193 0.18301270189221935 -2.1708198041164075 2.499999999999999 -1.996333831169973 1 00077.png

78 -0.1830127018922194 -0.18301270189221935 -0.6830127018922192 0.6830127018922194 -0.6434659101693077 2.500000000000001 2.8781520129881537 1 00078.png

79 -0.5000000000000001 -0.5 0.4999999999999999 -0.5 3.442857142857143 1.1999999999999997 -0.8818181818181828 1 00079.png

80 -0.6830127018922194 -0.6830127018922192 -0.1830127018922193 0.18301270189221935 -2.485105518402122 1.1999999999999993 -2.5406926564059056 1 00080.png

81 -0.1830127018922194 -0.18301270189221935 -0.6830127018922192 0.6830127018922194 -0.9577516244550219 1.200000000000001 3.4225108382240865 1 00081.png

82 -0.5000000000000001 -0.5 0.4999999999999999 -0.5 3.442857142857143 2.5 -0.8818181818181832 1 00082.png

83 -0.6830127018922194 -0.6830127018922192 -0.1830127018922193 0.18301270189221935 -2.485105518402122 2.499999999999999 -2.5406926564059056 1 00083.png

84 -0.1830127018922194 -0.18301270189221935 -0.6830127018922192 0.6830127018922194 -0.9577516244550219 2.500000000000001 3.4225108382240865 1 00084.png

85 -0.5000000000000001 -0.5 0.4999999999999999 -0.5 4.071428571428572 1.1999999999999997 -0.881818181818183 1 00085.png

86 -0.6830127018922194 -0.6830127018922192 -0.1830127018922193 0.18301270189221935 -2.7993912326878365 1.199999999999999 -3.085051481641839 1 00086.png

87 -0.1830127018922194 -0.18301270189221935 -0.6830127018922192 0.6830127018922194 -1.2720373387407367 1.2000000000000013 3.9668696634600202 1 00087.png

88 -0.5000000000000001 -0.5 0.4999999999999999 -0.5 4.071428571428572 2.5 -0.8818181818181833 1 00088.png

89 -0.6830127018922194 -0.6830127018922192 -0.1830127018922193 0.18301270189221935 -2.7993912326878365 2.4999999999999987 -3.0850514816418393 1 00089.png

90 -0.1830127018922194 -0.18301270189221935 -0.6830127018922192 0.6830127018922194 -1.2720373387407367 2.500000000000001 3.96686966346002 1 00090.png

91 -0.5000000000000001 -0.5 0.4999999999999999 -0.5 4.7 1.1999999999999997 -0.8818181818181831 1 00091.png

92 -0.6830127018922194 -0.6830127018922192 -0.1830127018922193 0.18301270189221935 -3.1136769469735506 1.1999999999999988 -3.629410306877771 1 00092.png

93 -0.1830127018922194 -0.18301270189221935 -0.6830127018922192 0.6830127018922194 -1.5863230530264507 1.2000000000000013 4.511228488695952 1 00093.png

94 -0.5000000000000001 -0.5 0.4999999999999999 -0.5 4.7 2.5 -0.8818181818181834 1 00094.png

95 -0.6830127018922194 -0.6830127018922192 -0.1830127018922193 0.18301270189221935 -3.1136769469735506 2.4999999999999987 -3.629410306877771 1 00095.png

96 -0.1830127018922194 -0.18301270189221935 -0.6830127018922192 0.6830127018922194 -1.5863230530264507 2.5000000000000013 4.511228488695952 1 00096.png

97 -0.5000000000000001 -0.5 0.4999999999999999 -0.5 0.29999999999999966 1.1999999999999997 -1.463636363636364 1 00097.png

98 -0.6830127018922194 -0.6830127018922192 -0.1830127018922193 0.18301270189221935 -1.4175462728117694 1.2000000000000002 0.47201056068285 1 00098.png

99 -0.1830127018922194 -0.18301270189221935 -0.6830127018922192 0.6830127018922194 1.117546272811769 1.2000000000000002 0.9916258029535132 1 00099.png

100 -0.5000000000000001 -0.5 0.4999999999999999 -0.5 0.29999999999999966 2.4999999999999996 -1.4636363636363643 1 00100.png

101 -0.6830127018922194 -0.6830127018922192 -0.1830127018922193 0.18301270189221935 -1.4175462728117694 2.5 0.4720105606828497 1 00101.png

102 -0.1830127018922194 -0.18301270189221935 -0.6830127018922192 0.6830127018922194 1.117546272811769 2.5000000000000004 0.9916258029535128 1 00102.png

103 -0.5000000000000001 -0.5 0.4999999999999999 -0.5 0.9285714285714283 1.1999999999999997 -1.4636363636363643 1 00103.png

104 -0.6830127018922194 -0.6830127018922192 -0.1830127018922193 0.18301270189221935 -1.7318319870974839 1.2 -0.07234826455308285 1 00104.png

105 -0.1830127018922194 -0.18301270189221935 -0.6830127018922192 0.6830127018922194 0.8032605585260547 1.2000000000000004 1.5359846281894463 1 00105.png

106 -0.5000000000000001 -0.5 0.4999999999999999 -0.5 0.9285714285714283 2.4999999999999996 -1.4636363636363645 1 00106.png

107 -0.6830127018922194 -0.6830127018922192 -0.1830127018922193 0.18301270189221935 -1.7318319870974839 2.4999999999999996 -0.07234826455308319 1 00107.png

108 -0.1830127018922194 -0.18301270189221935 -0.6830127018922192 0.6830127018922194 0.8032605585260547 2.500000000000001 1.5359846281894458 1 00108.png

109 -0.5000000000000001 -0.5 0.4999999999999999 -0.5 1.5571428571428572 1.1999999999999997 -1.4636363636363645 1 00109.png

110 -0.6830127018922194 -0.6830127018922192 -0.1830127018922193 0.18301270189221935 -2.0461177013831984 1.1999999999999997 -0.6167070897890158 1 00110.png

111 -0.1830127018922194 -0.18301270189221935 -0.6830127018922192 0.6830127018922194 0.4889748442403402 1.2000000000000006 2.080343453425379 1 00111.png

112 -0.5000000000000001 -0.5 0.4999999999999999 -0.5 1.5571428571428572 2.4999999999999996 -1.4636363636363647 1 00112.png

113 -0.6830127018922194 -0.6830127018922192 -0.1830127018922193 0.18301270189221935 -2.0461177013831984 2.4999999999999996 -0.6167070897890161 1 00113.png

114 -0.1830127018922194 -0.18301270189221935 -0.6830127018922192 0.6830127018922194 0.4889748442403402 2.500000000000001 2.0803434534253786 1 00114.png

115 -0.5000000000000001 -0.5 0.4999999999999999 -0.5 2.1857142857142855 1.1999999999999997 -1.4636363636363645 1 00115.png

116 -0.6830127018922194 -0.6830127018922192 -0.1830127018922193 0.18301270189221935 -2.3604034156689124 1.1999999999999995 -1.1610659150249485 1 00116.png

117 -0.1830127018922194 -0.18301270189221935 -0.6830127018922192 0.6830127018922194 0.17468912995462582 1.2000000000000008 2.624702278661312 1 00117.png

118 -0.5000000000000001 -0.5 0.4999999999999999 -0.5 2.1857142857142855 2.4999999999999996 -1.4636363636363647 1 00118.png

119 -0.6830127018922194 -0.6830127018922192 -0.1830127018922193 0.18301270189221935 -2.3604034156689124 2.4999999999999996 -1.161065915024949 1 00119.png

120 -0.1830127018922194 -0.18301270189221935 -0.6830127018922192 0.6830127018922194 0.17468912995462582 2.500000000000001 2.6247022786613114 1 00120.png

121 -0.5000000000000001 -0.5 0.4999999999999999 -0.5 2.814285714285714 1.1999999999999997 -1.4636363636363647 1 00121.png

122 -0.6830127018922194 -0.6830127018922192 -0.1830127018922193 0.18301270189221935 -2.6746891299546265 1.1999999999999993 -1.7054247402608818 1 00122.png

123 -0.1830127018922194 -0.18301270189221935 -0.6830127018922192 0.6830127018922194 -0.13959658433108868 1.2000000000000008 3.1690611038972447 1 00123.png

124 -0.5000000000000001 -0.5 0.4999999999999999 -0.5 2.814285714285714 2.4999999999999996 -1.463636363636365 1 00124.png

125 -0.6830127018922194 -0.6830127018922192 -0.1830127018922193 0.18301270189221935 -2.6746891299546265 2.499999999999999 -1.705424740260882 1 00125.png

126 -0.1830127018922194 -0.18301270189221935 -0.6830127018922192 0.6830127018922194 -0.13959658433108868 2.5000000000000013 3.1690611038972447 1 00126.png

127 -0.5000000000000001 -0.5 0.4999999999999999 -0.5 3.4428571428571426 1.1999999999999997 -1.4636363636363647 1 00127.png

128 -0.6830127018922194 -0.6830127018922192 -0.1830127018922193 0.18301270189221935 -2.988974844240341 1.1999999999999993 -2.2497835654968146 1 00128.png

129 -0.1830127018922194 -0.18301270189221935 -0.6830127018922192 0.6830127018922194 -0.45388229861680296 1.200000000000001 3.7134199291331775 1 00129.png

130 -0.5000000000000001 -0.5 0.4999999999999999 -0.5 3.4428571428571426 2.4999999999999996 -1.463636363636365 1 00130.png

131 -0.6830127018922194 -0.6830127018922192 -0.1830127018922193 0.18301270189221935 -2.988974844240341 2.499999999999999 -2.2497835654968146 1 00131.png

132 -0.1830127018922194 -0.18301270189221935 -0.6830127018922192 0.6830127018922194 -0.45388229861680296 2.5000000000000013 3.7134199291331775 1 00132.png

133 -0.5000000000000001 -0.5 0.4999999999999999 -0.5 4.071428571428572 1.1999999999999997 -1.463636363636365 1 00133.png

134 -0.6830127018922194 -0.6830127018922192 -0.1830127018922193 0.18301270189221935 -3.3032605585260555 1.199999999999999 -2.794142390732748 1 00134.png

135 -0.1830127018922194 -0.18301270189221935 -0.6830127018922192 0.6830127018922194 -0.7681680129025177 1.2000000000000013 4.257778754369111 1 00135.png

136 -0.5000000000000001 -0.5 0.4999999999999999 -0.5 4.071428571428572 2.4999999999999996 -1.4636363636363652 1 00136.png

137 -0.6830127018922194 -0.6830127018922192 -0.1830127018922193 0.18301270189221935 -3.3032605585260555 2.4999999999999987 -2.7941423907327483 1 00137.png

138 -0.1830127018922194 -0.18301270189221935 -0.6830127018922192 0.6830127018922194 -0.7681680129025177 2.5000000000000013 4.25777875436911 1 00138.png

139 -0.5000000000000001 -0.5 0.4999999999999999 -0.5 4.7 1.1999999999999997 -1.4636363636363652 1 00139.png

140 -0.6830127018922194 -0.6830127018922192 -0.1830127018922193 0.18301270189221935 -3.6175462728117695 1.1999999999999988 -3.33850121596868 1 00140.png

141 -0.1830127018922194 -0.18301270189221935 -0.6830127018922192 0.6830127018922194 -1.0824537271882317 1.2000000000000013 4.802137579605043 1 00141.png

142 -0.5000000000000001 -0.5 0.4999999999999999 -0.5 4.7 2.4999999999999996 -1.4636363636363654 1 00142.png

143 -0.6830127018922194 -0.6830127018922192 -0.1830127018922193 0.18301270189221935 -3.6175462728117695 2.4999999999999987 -3.33850121596868 1 00143.png

144 -0.1830127018922194 -0.18301270189221935 -0.6830127018922192 0.6830127018922194 -1.0824537271882317 2.5000000000000018 4.802137579605043 1 00144.png

145 -0.5000000000000001 -0.5 0.4999999999999999 -0.5 0.29999999999999954 1.1999999999999995 -2.045454545454546 1 00145.png

146 -0.6830127018922194 -0.6830127018922192 -0.1830127018922193 0.18301270189221935 -1.921415598649988 1.2000000000000002 0.762919651591941 1 00146.png

147 -0.1830127018922194 -0.18301270189221935 -0.6830127018922192 0.6830127018922194 1.6214155986499876 1.2000000000000004 1.282534893862604 1 00147.png

148 -0.5000000000000001 -0.5 0.4999999999999999 -0.5 0.29999999999999954 2.4999999999999996 -2.045454545454546 1 00148.png

149 -0.6830127018922194 -0.6830127018922192 -0.1830127018922193 0.18301270189221935 -1.921415598649988 2.5000000000000004 0.7629196515919405 1 00149.png

150 -0.1830127018922194 -0.18301270189221935 -0.6830127018922192 0.6830127018922194 1.6214155986499876 2.5000000000000004 1.2825348938626038 1 00150.png

151 -0.5000000000000001 -0.5 0.4999999999999999 -0.5 0.9285714285714282 1.1999999999999995 -2.045454545454546 1 00151.png

152 -0.6830127018922194 -0.6830127018922192 -0.1830127018922193 0.18301270189221935 -2.2357013129357024 1.2 0.21856082635600804 1 00152.png

153 -0.1830127018922194 -0.18301270189221935 -0.6830127018922192 0.6830127018922194 1.3071298843642731 1.2000000000000006 1.8268937190985368 1 00153.png

154 -0.5000000000000001 -0.5 0.4999999999999999 -0.5 0.9285714285714282 2.4999999999999996 -2.045454545454546 1 00154.png

155 -0.6830127018922194 -0.6830127018922192 -0.1830127018922193 0.18301270189221935 -2.2357013129357024 2.5 0.2185608263560076 1 00155.png

156 -0.1830127018922194 -0.18301270189221935 -0.6830127018922192 0.6830127018922194 1.3071298843642731 2.500000000000001 1.8268937190985368 1 00156.png

157 -0.5000000000000001 -0.5 0.4999999999999999 -0.5 1.557142857142857 1.1999999999999995 -2.0454545454545463 1 00157.png

158 -0.6830127018922194 -0.6830127018922192 -0.1830127018922193 0.18301270189221935 -2.549987027221417 1.1999999999999997 -0.3257979988799249 1 00158.png

159 -0.1830127018922194 -0.18301270189221935 -0.6830127018922192 0.6830127018922194 0.9928441700785587 1.2000000000000008 2.37125254433447 1 00159.png

160 -0.5000000000000001 -0.5 0.4999999999999999 -0.5 1.557142857142857 2.4999999999999996 -2.0454545454545463 1 00160.png

161 -0.6830127018922194 -0.6830127018922192 -0.1830127018922193 0.18301270189221935 -2.549987027221417 2.5 -0.32579799887992533 1 00161.png

162 -0.1830127018922194 -0.18301270189221935 -0.6830127018922192 0.6830127018922194 0.9928441700785587 2.500000000000001 2.3712525443344696 1 00162.png

163 -0.5000000000000001 -0.5 0.4999999999999999 -0.5 2.1857142857142855 1.1999999999999995 -2.0454545454545463 1 00163.png

164 -0.6830127018922194 -0.6830127018922192 -0.1830127018922193 0.18301270189221935 -2.864272741507131 1.1999999999999995 -0.8701568241158577 1 00164.png

165 -0.1830127018922194 -0.18301270189221935 -0.6830127018922192 0.6830127018922194 0.6785584557928444 1.200000000000001 2.915611369570403 1 00165.png

166 -0.5000000000000001 -0.5 0.4999999999999999 -0.5 2.1857142857142855 2.4999999999999996 -2.0454545454545463 1 00166.png

167 -0.6830127018922194 -0.6830127018922192 -0.1830127018922193 0.18301270189221935 -2.864272741507131 2.5 -0.8701568241158582 1 00167.png

168 -0.1830127018922194 -0.18301270189221935 -0.6830127018922192 0.6830127018922194 0.6785584557928444 2.500000000000001 2.9156113695704025 1 00168.png

169 -0.5000000000000001 -0.5 0.4999999999999999 -0.5 2.814285714285714 1.1999999999999995 -2.0454545454545463 1 00169.png

170 -0.6830127018922194 -0.6830127018922192 -0.1830127018922193 0.18301270189221935 -3.178558455792845 1.1999999999999993 -1.4145156493517907 1 00170.png

171 -0.1830127018922194 -0.18301270189221935 -0.6830127018922192 0.6830127018922194 0.36427274150712985 1.200000000000001 3.4599701948063357 1 00171.png

172 -0.5000000000000001 -0.5 0.4999999999999999 -0.5 2.814285714285714 2.4999999999999996 -2.0454545454545463 1 00172.png

173 -0.6830127018922194 -0.6830127018922192 -0.1830127018922193 0.18301270189221935 -3.178558455792845 2.4999999999999996 -1.4145156493517912 1 00173.png

174 -0.1830127018922194 -0.18301270189221935 -0.6830127018922192 0.6830127018922194 0.36427274150712985 2.5000000000000013 3.4599701948063357 1 00174.png

175 -0.5000000000000001 -0.5 0.4999999999999999 -0.5 3.4428571428571426 1.1999999999999995 -2.0454545454545467 1 00175.png

176 -0.6830127018922194 -0.6830127018922192 -0.1830127018922193 0.18301270189221935 -3.4928441700785595 1.1999999999999993 -1.9588744745877236 1 00176.png

177 -0.1830127018922194 -0.18301270189221935 -0.6830127018922192 0.6830127018922194 0.04998702722141557 1.2000000000000013 4.0043290200422685 1 00177.png

178 -0.5000000000000001 -0.5 0.4999999999999999 -0.5 3.4428571428571426 2.4999999999999996 -2.0454545454545467 1 00178.png

179 -0.6830127018922194 -0.6830127018922192 -0.1830127018922193 0.18301270189221935 -3.4928441700785595 2.4999999999999996 -1.958874474587724 1 00179.png

180 -0.1830127018922194 -0.18301270189221935 -0.6830127018922192 0.6830127018922194 0.04998702722141557 2.5000000000000013 4.0043290200422685 1 00180.png

181 -0.5000000000000001 -0.5 0.4999999999999999 -0.5 4.071428571428571 1.1999999999999995 -2.0454545454545467 1 00181.png

182 -0.6830127018922194 -0.6830127018922192 -0.1830127018922193 0.18301270189221935 -3.807129884364274 1.199999999999999 -2.503233299823657 1 00182.png

183 -0.1830127018922194 -0.18301270189221935 -0.6830127018922192 0.6830127018922194 -0.26429868706429915 1.2000000000000015 4.548687845278202 1 00183.png

184 -0.5000000000000001 -0.5 0.4999999999999999 -0.5 4.071428571428571 2.4999999999999996 -2.0454545454545467 1 00184.png

185 -0.6830127018922194 -0.6830127018922192 -0.1830127018922193 0.18301270189221935 -3.807129884364274 2.499999999999999 -2.5032332998236573 1 00185.png

186 -0.1830127018922194 -0.18301270189221935 -0.6830127018922192 0.6830127018922194 -0.26429868706429915 2.5000000000000013 4.548687845278201 1 00186.png

187 -0.5000000000000001 -0.5 0.4999999999999999 -0.5 4.699999999999999 1.1999999999999995 -2.0454545454545467 1 00187.png

188 -0.6830127018922194 -0.6830127018922192 -0.1830127018922193 0.18301270189221935 -4.121415598649988 1.1999999999999988 -3.047592125059589 1 00188.png

189 -0.1830127018922194 -0.18301270189221935 -0.6830127018922192 0.6830127018922194 -0.5785844013500132 1.2000000000000015 5.093046670514134 1 00189.png

190 -0.5000000000000001 -0.5 0.4999999999999999 -0.5 4.699999999999999 2.4999999999999996 -2.0454545454545467 1 00190.png

191 -0.6830127018922194 -0.6830127018922192 -0.1830127018922193 0.18301270189221935 -4.121415598649988 2.499999999999999 -3.0475921250595897 1 00191.png

192 -0.1830127018922194 -0.18301270189221935 -0.6830127018922192 0.6830127018922194 -0.5785844013500132 2.5000000000000018 5.093046670514134 1 00192.png

193 -0.5000000000000001 -0.5 0.4999999999999999 -0.5 0.2999999999999994 1.1999999999999993 -2.627272727272728 1 00193.png

194 -0.6830127018922194 -0.6830127018922192 -0.1830127018922193 0.18301270189221935 -2.425284924488207 1.2000000000000004 1.053828742501032 1 00194.png

195 -0.1830127018922194 -0.18301270189221935 -0.6830127018922192 0.6830127018922194 2.1252849244882066 1.2000000000000004 1.573443984771695 1 00195.png

196 -0.5000000000000001 -0.5 0.4999999999999999 -0.5 0.2999999999999994 2.4999999999999996 -2.627272727272728 1 00196.png

197 -0.6830127018922194 -0.6830127018922192 -0.1830127018922193 0.18301270189221935 -2.425284924488207 2.5000000000000004 1.0538287425010315 1 00197.png

198 -0.1830127018922194 -0.18301270189221935 -0.6830127018922192 0.6830127018922194 2.1252849244882066 2.5000000000000004 1.5734439847716948 1 00198.png

199 -0.5000000000000001 -0.5 0.4999999999999999 -0.5 0.928571428571428 1.1999999999999993 -2.627272727272728 1 00199.png

200 -0.6830127018922194 -0.6830127018922192 -0.1830127018922193 0.18301270189221935 -2.7395706387739214 1.2000000000000002 0.509469917265099 1 00200.png

201 -0.1830127018922194 -0.18301270189221935 -0.6830127018922192 0.6830127018922194 1.810999210202492 1.2000000000000006 2.117802810007628 1 00201.png

202 -0.5000000000000001 -0.5 0.4999999999999999 -0.5 0.928571428571428 2.4999999999999996 -2.627272727272728 1 00202.png

203 -0.6830127018922194 -0.6830127018922192 -0.1830127018922193 0.18301270189221935 -2.7395706387739214 2.5 0.5094699172650986 1 00203.png

204 -0.1830127018922194 -0.18301270189221935 -0.6830127018922192 0.6830127018922194 1.810999210202492 2.500000000000001 2.117802810007628 1 00204.png

205 -0.5000000000000001 -0.5 0.4999999999999999 -0.5 1.5571428571428567 1.1999999999999993 -2.6272727272727283 1 00205.png

206 -0.6830127018922194 -0.6830127018922192 -0.1830127018922193 0.18301270189221935 -3.0538563530596354 1.2 -0.03488890797083388 1 00206.png

207 -0.1830127018922194 -0.18301270189221935 -0.6830127018922192 0.6830127018922194 1.4967134959167776 1.2000000000000008 2.662161635243561 1 00207.png

208 -0.5000000000000001 -0.5 0.4999999999999999 -0.5 1.5571428571428567 2.4999999999999996 -2.6272727272727283 1 00208.png

209 -0.6830127018922194 -0.6830127018922192 -0.1830127018922193 0.18301270189221935 -3.0538563530596354 2.5 -0.034888907970834326 1 00209.png

210 -0.1830127018922194 -0.18301270189221935 -0.6830127018922192 0.6830127018922194 1.4967134959167776 2.500000000000001 2.6621616352435606 1 00210.png

211 -0.5000000000000001 -0.5 0.4999999999999999 -0.5 2.1857142857142855 1.1999999999999993 -2.6272727272727283 1 00211.png

212 -0.6830127018922194 -0.6830127018922192 -0.1830127018922193 0.18301270189221935 -3.36814206734535 1.1999999999999997 -0.5792477332067667 1 00212.png

213 -0.1830127018922194 -0.18301270189221935 -0.6830127018922192 0.6830127018922194 1.182427781631063 1.200000000000001 3.206520460479494 1 00213.png

214 -0.5000000000000001 -0.5 0.4999999999999999 -0.5 2.1857142857142855 2.4999999999999996 -2.6272727272727283 1 00214.png

215 -0.6830127018922194 -0.6830127018922192 -0.1830127018922193 0.18301270189221935 -3.36814206734535 2.5 -0.5792477332067671 1 00215.png

216 -0.1830127018922194 -0.18301270189221935 -0.6830127018922192 0.6830127018922194 1.182427781631063 2.500000000000001 3.2065204604794935 1 00216.png

217 -0.5000000000000001 -0.5 0.4999999999999999 -0.5 2.814285714285714 1.1999999999999993 -2.6272727272727283 1 00217.png

218 -0.6830127018922194 -0.6830127018922192 -0.1830127018922193 0.18301270189221935 -3.6824277816310644 1.1999999999999995 -1.1236065584426997 1 00218.png

219 -0.1830127018922194 -0.18301270189221935 -0.6830127018922192 0.6830127018922194 0.8681420673453486 1.200000000000001 3.7508792857154267 1 00219.png

220 -0.5000000000000001 -0.5 0.4999999999999999 -0.5 2.814285714285714 2.4999999999999996 -2.6272727272727283 1 00220.png

221 -0.6830127018922194 -0.6830127018922192 -0.1830127018922193 0.18301270189221935 -3.6824277816310644 2.4999999999999996 -1.1236065584427002 1 00221.png

222 -0.1830127018922194 -0.18301270189221935 -0.6830127018922192 0.6830127018922194 0.8681420673453486 2.5000000000000013 3.7508792857154267 1 00222.png

223 -0.5000000000000001 -0.5 0.4999999999999999 -0.5 3.4428571428571426 1.1999999999999993 -2.6272727272727288 1 00223.png

224 -0.6830127018922194 -0.6830127018922192 -0.1830127018922193 0.18301270189221935 -3.9967134959167785 1.1999999999999995 -1.6679653836786326 1 00224.png

225 -0.1830127018922194 -0.18301270189221935 -0.6830127018922192 0.6830127018922194 0.5538563530596343 1.2000000000000013 4.2952381109513595 1 00225.png

226 -0.5000000000000001 -0.5 0.4999999999999999 -0.5 3.4428571428571426 2.4999999999999996 -2.6272727272727288 1 00226.png

227 -0.6830127018922194 -0.6830127018922192 -0.1830127018922193 0.18301270189221935 -3.9967134959167785 2.4999999999999996 -1.667965383678633 1 00227.png

228 -0.1830127018922194 -0.18301270189221935 -0.6830127018922192 0.6830127018922194 0.5538563530596343 2.5000000000000013 4.2952381109513595 1 00228.png

229 -0.5000000000000001 -0.5 0.4999999999999999 -0.5 4.071428571428571 1.1999999999999993 -2.6272727272727288 1 00229.png

230 -0.6830127018922194 -0.6830127018922192 -0.1830127018922193 0.18301270189221935 -4.3109992102024925 1.1999999999999993 -2.212324208914566 1 00230.png

231 -0.1830127018922194 -0.18301270189221935 -0.6830127018922192 0.6830127018922194 0.2395706387739196 1.2000000000000015 4.839596936187293 1 00231.png

232 -0.5000000000000001 -0.5 0.4999999999999999 -0.5 4.071428571428571 2.4999999999999996 -2.6272727272727288 1 00232.png

233 -0.6830127018922194 -0.6830127018922192 -0.1830127018922193 0.18301270189221935 -4.3109992102024925 2.499999999999999 -2.2123242089145663 1 00233.png

234 -0.1830127018922194 -0.18301270189221935 -0.6830127018922192 0.6830127018922194 0.2395706387739196 2.5000000000000013 4.839596936187292 1 00234.png

235 -0.5000000000000001 -0.5 0.4999999999999999 -0.5 4.699999999999999 1.1999999999999993 -2.6272727272727288 1 00235.png

236 -0.6830127018922194 -0.6830127018922192 -0.1830127018922193 0.18301270189221935 -4.6252849244882075 1.199999999999999 -2.756683034150498 1 00236.png

237 -0.1830127018922194 -0.18301270189221935 -0.6830127018922192 0.6830127018922194 -0.07471507551179446 1.2000000000000015 5.383955761423225 1 00237.png

238 -0.5000000000000001 -0.5 0.4999999999999999 -0.5 4.699999999999999 2.4999999999999996 -2.6272727272727288 1 00238.png

239 -0.6830127018922194 -0.6830127018922192 -0.1830127018922193 0.18301270189221935 -4.6252849244882075 2.499999999999999 -2.7566830341504986 1 00239.png

240 -0.1830127018922194 -0.18301270189221935 -0.6830127018922192 0.6830127018922194 -0.07471507551179446 2.5000000000000018 5.383955761423225 1 00240.png

241 -0.5000000000000001 -0.5 0.4999999999999999 -0.5 0.29999999999999927 1.1999999999999993 -3.20909090909091 1 00241.png

242 -0.6830127018922194 -0.6830127018922192 -0.1830127018922193 0.18301270189221935 -2.929154250326426 1.2000000000000004 1.344737833410123 1 00242.png

243 -0.1830127018922194 -0.18301270189221935 -0.6830127018922192 0.6830127018922194 2.6291542503264256 1.2000000000000004 1.8643530756807862 1 00243.png

244 -0.5000000000000001 -0.5 0.4999999999999999 -0.5 0.29999999999999927 2.499999999999999 -3.20909090909091 1 00244.png

245 -0.6830127018922194 -0.6830127018922192 -0.1830127018922193 0.18301270189221935 -2.929154250326426 2.5000000000000004 1.3447378334101225 1 00245.png

246 -0.1830127018922194 -0.18301270189221935 -0.6830127018922192 0.6830127018922194 2.6291542503264256 2.5000000000000004 1.864353075680786 1 00246.png

247 -0.5000000000000001 -0.5 0.4999999999999999 -0.5 0.9285714285714279 1.1999999999999993 -3.20909090909091 1 00247.png

248 -0.6830127018922194 -0.6830127018922192 -0.1830127018922193 0.18301270189221935 -3.2434399646121403 1.2000000000000002 0.80037900817419 1 00248.png

249 -0.1830127018922194 -0.18301270189221935 -0.6830127018922192 0.6830127018922194 2.314868536040711 1.2000000000000006 2.4087119009167193 1 00249.png

250 -0.5000000000000001 -0.5 0.4999999999999999 -0.5 0.9285714285714279 2.499999999999999 -3.20909090909091 1 00250.png

251 -0.6830127018922194 -0.6830127018922192 -0.1830127018922193 0.18301270189221935 -3.2434399646121403 2.5 0.8003790081741896 1 00251.png

252 -0.1830127018922194 -0.18301270189221935 -0.6830127018922192 0.6830127018922194 2.314868536040711 2.500000000000001 2.408711900916719 1 00252.png

253 -0.5000000000000001 -0.5 0.4999999999999999 -0.5 1.5571428571428567 1.1999999999999993 -3.2090909090909103 1 00253.png

254 -0.6830127018922194 -0.6830127018922192 -0.1830127018922193 0.18301270189221935 -3.557725678897855 1.2 0.2560201829382571 1 00254.png

255 -0.1830127018922194 -0.18301270189221935 -0.6830127018922192 0.6830127018922194 2.0005828217549966 1.2000000000000008 2.953070726152652 1 00255.png

256 -0.5000000000000001 -0.5 0.4999999999999999 -0.5 1.5571428571428567 2.499999999999999 -3.2090909090909103 1 00256.png

257 -0.6830127018922194 -0.6830127018922192 -0.1830127018922193 0.18301270189221935 -3.557725678897855 2.5 0.2560201829382567 1 00257.png

258 -0.1830127018922194 -0.18301270189221935 -0.6830127018922192 0.6830127018922194 2.0005828217549966 2.500000000000001 2.953070726152652 1 00258.png

259 -0.5000000000000001 -0.5 0.4999999999999999 -0.5 2.185714285714285 1.1999999999999993 -3.2090909090909103 1 00259.png

260 -0.6830127018922194 -0.6830127018922192 -0.1830127018922193 0.18301270189221935 -3.872011393183569 1.1999999999999997 -0.2883386422976757 1 00260.png

261 -0.1830127018922194 -0.18301270189221935 -0.6830127018922192 0.6830127018922194 1.686297107469282 1.200000000000001 3.497429551388585 1 00261.png

262 -0.5000000000000001 -0.5 0.4999999999999999 -0.5 2.185714285714285 2.499999999999999 -3.2090909090909103 1 00262.png

263 -0.6830127018922194 -0.6830127018922192 -0.1830127018922193 0.18301270189221935 -3.872011393183569 2.5 -0.28833864229767614 1 00263.png

264 -0.1830127018922194 -0.18301270189221935 -0.6830127018922192 0.6830127018922194 1.686297107469282 2.500000000000001 3.497429551388585 1 00264.png

265 -0.5000000000000001 -0.5 0.4999999999999999 -0.5 2.8142857142857136 1.1999999999999993 -3.2090909090909103 1 00265.png

266 -0.6830127018922194 -0.6830127018922192 -0.1830127018922193 0.18301270189221935 -4.186297107469283 1.1999999999999995 -0.8326974675336087 1 00266.png

267 -0.1830127018922194 -0.18301270189221935 -0.6830127018922192 0.6830127018922194 1.3720113931835676 1.200000000000001 4.041788376624518 1 00267.png

268 -0.5000000000000001 -0.5 0.4999999999999999 -0.5 2.8142857142857136 2.499999999999999 -3.2090909090909103 1 00268.png

269 -0.6830127018922194 -0.6830127018922192 -0.1830127018922193 0.18301270189221935 -4.186297107469283 2.4999999999999996 -0.8326974675336092 1 00269.png

270 -0.1830127018922194 -0.18301270189221935 -0.6830127018922192 0.6830127018922194 1.3720113931835676 2.5000000000000013 4.041788376624518 1 00270.png

271 -0.5000000000000001 -0.5 0.4999999999999999 -0.5 3.442857142857142 1.1999999999999993 -3.2090909090909108 1 00271.png

272 -0.6830127018922194 -0.6830127018922192 -0.1830127018922193 0.18301270189221935 -4.500582821754998 1.1999999999999995 -1.3770562927695416 1 00272.png

273 -0.1830127018922194 -0.18301270189221935 -0.6830127018922192 0.6830127018922194 1.0577256788978533 1.2000000000000013 4.5861472018604506 1 00273.png

274 -0.5000000000000001 -0.5 0.4999999999999999 -0.5 3.442857142857142 2.499999999999999 -3.2090909090909108 1 00274.png

275 -0.6830127018922194 -0.6830127018922192 -0.1830127018922193 0.18301270189221935 -4.500582821754998 2.4999999999999996 -1.377056292769542 1 00275.png

276 -0.1830127018922194 -0.18301270189221935 -0.6830127018922192 0.6830127018922194 1.0577256788978533 2.5000000000000013 4.5861472018604506 1 00276.png

277 -0.5000000000000001 -0.5 0.4999999999999999 -0.5 4.071428571428571 1.1999999999999993 -3.2090909090909108 1 00277.png

278 -0.6830127018922194 -0.6830127018922192 -0.1830127018922193 0.18301270189221935 -4.814868536040712 1.1999999999999993 -1.9214151180054748 1 00278.png

279 -0.1830127018922194 -0.18301270189221935 -0.6830127018922192 0.6830127018922194 0.7434399646121386 1.2000000000000015 5.130506027096384 1 00279.png

280 -0.5000000000000001 -0.5 0.4999999999999999 -0.5 4.071428571428571 2.499999999999999 -3.2090909090909108 1 00280.png

281 -0.6830127018922194 -0.6830127018922192 -0.1830127018922193 0.18301270189221935 -4.814868536040712 2.499999999999999 -1.9214151180054753 1 00281.png

282 -0.1830127018922194 -0.18301270189221935 -0.6830127018922192 0.6830127018922194 0.7434399646121386 2.5000000000000013 5.130506027096384 1 00282.png

283 -0.5000000000000001 -0.5 0.4999999999999999 -0.5 4.699999999999999 1.1999999999999993 -3.2090909090909108 1 00283.png

284 -0.6830127018922194 -0.6830127018922192 -0.1830127018922193 0.18301270189221935 -5.129154250326426 1.199999999999999 -2.465773943241407 1 00284.png

285 -0.1830127018922194 -0.18301270189221935 -0.6830127018922192 0.6830127018922194 0.4291542503264245 1.2000000000000015 5.674864852332316 1 00285.png

286 -0.5000000000000001 -0.5 0.4999999999999999 -0.5 4.699999999999999 2.499999999999999 -3.2090909090909108 1 00286.png

287 -0.6830127018922194 -0.6830127018922192 -0.1830127018922193 0.18301270189221935 -5.129154250326426 2.499999999999999 -2.4657739432414076 1 00287.png

288 -0.1830127018922194 -0.18301270189221935 -0.6830127018922192 0.6830127018922194 0.4291542503264245 2.5000000000000018 5.674864852332316 1 00288.png

289 -0.5000000000000001 -0.5 0.4999999999999999 -0.5 0.29999999999999916 1.199999999999999 -3.7909090909090915 1 00289.png

290 -0.6830127018922194 -0.6830127018922192 -0.1830127018922193 0.18301270189221935 -3.4330235761646444 1.2000000000000004 1.6356469243192135 1 00290.png

291 -0.1830127018922194 -0.18301270189221935 -0.6830127018922192 0.6830127018922194 3.133023576164644 1.2000000000000006 2.155262166589877 1 00291.png

292 -0.5000000000000001 -0.5 0.4999999999999999 -0.5 0.29999999999999916 2.499999999999999 -3.7909090909090915 1 00292.png

293 -0.6830127018922194 -0.6830127018922192 -0.1830127018922193 0.18301270189221935 -3.4330235761646444 2.5000000000000004 1.6356469243192133 1 00293.png

294 -0.1830127018922194 -0.18301270189221935 -0.6830127018922192 0.6830127018922194 3.133023576164644 2.5000000000000004 2.155262166589877 1 00294.png

295 -0.5000000000000001 -0.5 0.4999999999999999 -0.5 0.9285714285714277 1.199999999999999 -3.7909090909090915 1 00295.png

296 -0.6830127018922194 -0.6830127018922192 -0.1830127018922193 0.18301270189221935 -3.747309290450359 1.2000000000000002 1.0912880990832807 1 00296.png

297 -0.1830127018922194 -0.18301270189221935 -0.6830127018922192 0.6830127018922194 2.8187378618789296 1.2000000000000008 2.69962099182581 1 00297.png

298 -0.5000000000000001 -0.5 0.4999999999999999 -0.5 0.9285714285714277 2.499999999999999 -3.7909090909090915 1 00298.png

299 -0.6830127018922194 -0.6830127018922192 -0.1830127018922193 0.18301270189221935 -3.747309290450359 2.5 1.0912880990832803 1 00299.png

300 -0.1830127018922194 -0.18301270189221935 -0.6830127018922192 0.6830127018922194 2.8187378618789296 2.500000000000001 2.69962099182581 1 00300.png

301 -0.5000000000000001 -0.5 0.4999999999999999 -0.5 1.5571428571428565 1.199999999999999 -3.790909090909092 1 00301.png

302 -0.6830127018922194 -0.6830127018922192 -0.1830127018922193 0.18301270189221935 -4.061595004736073 1.2 0.5469292738473477 1 00302.png

303 -0.1830127018922194 -0.18301270189221935 -0.6830127018922192 0.6830127018922194 2.504452147593215 1.200000000000001 3.243979817061743 1 00303.png

304 -0.5000000000000001 -0.5 0.4999999999999999 -0.5 1.5571428571428565 2.499999999999999 -3.790909090909092 1 00304.png

305 -0.6830127018922194 -0.6830127018922192 -0.1830127018922193 0.18301270189221935 -4.061595004736073 2.5 0.5469292738473475 1 00305.png

306 -0.1830127018922194 -0.18301270189221935 -0.6830127018922192 0.6830127018922194 2.504452147593215 2.500000000000001 3.2439798170617427 1 00306.png

307 -0.5000000000000001 -0.5 0.4999999999999999 -0.5 2.185714285714285 1.199999999999999 -3.790909090909092 1 00307.png

308 -0.6830127018922194 -0.6830127018922192 -0.1830127018922193 0.18301270189221935 -4.375880719021787 1.1999999999999997 0.002570448611414866 1 00308.png

309 -0.1830127018922194 -0.18301270189221935 -0.6830127018922192 0.6830127018922194 2.1901664333075006 1.2000000000000013 3.788338642297676 1 00309.png

310 -0.5000000000000001 -0.5 0.4999999999999999 -0.5 2.185714285714285 2.499999999999999 -3.790909090909092 1 00310.png

311 -0.6830127018922194 -0.6830127018922192 -0.1830127018922193 0.18301270189221935 -4.375880719021787 2.5 0.002570448611414644 1 00311.png

312 -0.1830127018922194 -0.18301270189221935 -0.6830127018922192 0.6830127018922194 2.1901664333075006 2.500000000000001 3.7883386422976755 1 00312.png

313 -0.5000000000000001 -0.5 0.4999999999999999 -0.5 2.8142857142857136 1.199999999999999 -3.790909090909092 1 00313.png

314 -0.6830127018922194 -0.6830127018922192 -0.1830127018922193 0.18301270189221935 -4.6901664333075015 1.1999999999999995 -0.5417883766245182 1 00314.png

315 -0.1830127018922194 -0.18301270189221935 -0.6830127018922192 0.6830127018922194 1.875880719021786 1.2000000000000013 4.332697467533609 1 00315.png

316 -0.5000000000000001 -0.5 0.4999999999999999 -0.5 2.8142857142857136 2.499999999999999 -3.790909090909092 1 00316.png

317 -0.6830127018922194 -0.6830127018922192 -0.1830127018922193 0.18301270189221935 -4.6901664333075015 2.4999999999999996 -0.5417883766245184 1 00317.png

318 -0.1830127018922194 -0.18301270189221935 -0.6830127018922192 0.6830127018922194 1.875880719021786 2.5000000000000013 4.332697467533609 1 00318.png

319 -0.5000000000000001 -0.5 0.4999999999999999 -0.5 3.442857142857142 1.199999999999999 -3.7909090909090923 1 00319.png

320 -0.6830127018922194 -0.6830127018922192 -0.1830127018922193 0.18301270189221935 -5.004452147593216 1.1999999999999995 -1.086147201860451 1 00320.png

321 -0.1830127018922194 -0.18301270189221935 -0.6830127018922192 0.6830127018922194 1.5615950047360718 1.2000000000000015 4.877056292769542 1 00321.png

322 -0.5000000000000001 -0.5 0.4999999999999999 -0.5 3.442857142857142 2.499999999999999 -3.7909090909090923 1 00322.png

323 -0.6830127018922194 -0.6830127018922192 -0.1830127018922193 0.18301270189221935 -5.004452147593216 2.4999999999999996 -1.0861472018604512 1 00323.png

324 -0.1830127018922194 -0.18301270189221935 -0.6830127018922192 0.6830127018922194 1.5615950047360718 2.5000000000000013 4.877056292769542 1 00324.png

325 -0.5000000000000001 -0.5 0.4999999999999999 -0.5 4.071428571428571 1.199999999999999 -3.7909090909090923 1 00325.png

326 -0.6830127018922194 -0.6830127018922192 -0.1830127018922193 0.18301270189221935 -5.3187378618789305 1.1999999999999993 -1.6305060270963843 1 00326.png

327 -0.1830127018922194 -0.18301270189221935 -0.6830127018922192 0.6830127018922194 1.247309290450357 1.2000000000000017 5.421415118005475 1 00327.png

328 -0.5000000000000001 -0.5 0.4999999999999999 -0.5 4.071428571428571 2.499999999999999 -3.7909090909090923 1 00328.png

329 -0.6830127018922194 -0.6830127018922192 -0.1830127018922193 0.18301270189221935 -5.3187378618789305 2.499999999999999 -1.6305060270963845 1 00329.png

330 -0.1830127018922194 -0.18301270189221935 -0.6830127018922192 0.6830127018922194 1.247309290450357 2.5000000000000013 5.421415118005474 1 00330.png

331 -0.5000000000000001 -0.5 0.4999999999999999 -0.5 4.699999999999999 1.199999999999999 -3.7909090909090923 1 00331.png

332 -0.6830127018922194 -0.6830127018922192 -0.1830127018922193 0.18301270189221935 -5.6330235761646446 1.199999999999999 -2.1748648523323166 1 00332.png

333 -0.1830127018922194 -0.18301270189221935 -0.6830127018922192 0.6830127018922194 0.933023576164643 1.2000000000000017 5.965773943241407 1 00333.png

334 -0.5000000000000001 -0.5 0.4999999999999999 -0.5 4.699999999999999 2.499999999999999 -3.7909090909090923 1 00334.png

335 -0.6830127018922194 -0.6830127018922192 -0.1830127018922193 0.18301270189221935 -5.6330235761646446 2.499999999999999 -2.174864852332317 1 00335.png

336 -0.1830127018922194 -0.18301270189221935 -0.6830127018922192 0.6830127018922194 0.933023576164643 2.5000000000000018 5.965773943241407 1 00336.png

337 -0.5000000000000001 -0.5 0.4999999999999999 -0.5 0.29999999999999905 1.199999999999999 -4.372727272727273 1 00337.png

338 -0.6830127018922194 -0.6830127018922192 -0.1830127018922193 0.18301270189221935 -3.9368929020028633 1.2000000000000006 1.9265560152283046 1 00338.png

339 -0.1830127018922194 -0.18301270189221935 -0.6830127018922192 0.6830127018922194 3.636892902002863 1.2000000000000006 2.446171257498968 1 00339.png

340 -0.5000000000000001 -0.5 0.4999999999999999 -0.5 0.29999999999999905 2.499999999999999 -4.372727272727274 1 00340.png

341 -0.6830127018922194 -0.6830127018922192 -0.1830127018922193 0.18301270189221935 -3.9368929020028633 2.5000000000000004 1.926556015228304 1 00341.png

342 -0.1830127018922194 -0.18301270189221935 -0.6830127018922192 0.6830127018922194 3.636892902002863 2.500000000000001 2.4461712574989676 1 00342.png

343 -0.5000000000000001 -0.5 0.4999999999999999 -0.5 0.9285714285714276 1.199999999999999 -4.372727272727273 1 00343.png

344 -0.6830127018922194 -0.6830127018922192 -0.1830127018922193 0.18301270189221935 -4.251178616288578 1.2000000000000004 1.3821971899923717 1 00344.png

345 -0.1830127018922194 -0.18301270189221935 -0.6830127018922192 0.6830127018922194 3.3226071877171486 1.2000000000000008 2.990530082734901 1 00345.png

346 -0.5000000000000001 -0.5 0.4999999999999999 -0.5 0.9285714285714276 2.499999999999999 -4.372727272727274 1 00346.png

347 -0.6830127018922194 -0.6830127018922192 -0.1830127018922193 0.18301270189221935 -4.251178616288578 2.5 1.3821971899923713 1 00347.png

348 -0.1830127018922194 -0.18301270189221935 -0.6830127018922192 0.6830127018922194 3.3226071877171486 2.5000000000000013 2.9905300827349004 1 00348.png

349 -0.5000000000000001 -0.5 0.4999999999999999 -0.5 1.5571428571428565 1.199999999999999 -4.372727272727273 1 00349.png

350 -0.6830127018922194 -0.6830127018922192 -0.1830127018922193 0.18301270189221935 -4.565464330574292 1.2000000000000002 0.8378383647564387 1 00350.png

351 -0.1830127018922194 -0.18301270189221935 -0.6830127018922192 0.6830127018922194 3.008321473431434 1.200000000000001 3.534888907970834 1 00351.png

352 -0.5000000000000001 -0.5 0.4999999999999999 -0.5 1.5571428571428565 2.499999999999999 -4.372727272727274 1 00352.png

353 -0.6830127018922194 -0.6830127018922192 -0.1830127018922193 0.18301270189221935 -4.565464330574292 2.5 0.8378383647564382 1 00353.png

354 -0.1830127018922194 -0.18301270189221935 -0.6830127018922192 0.6830127018922194 3.008321473431434 2.5000000000000013 3.534888907970833 1 00354.png

355 -0.5000000000000001 -0.5 0.4999999999999999 -0.5 2.185714285714285 1.199999999999999 -4.372727272727274 1 00355.png

356 -0.6830127018922194 -0.6830127018922192 -0.1830127018922193 0.18301270189221935 -4.879750044860007 1.2 0.29347953952050587 1 00356.png

357 -0.1830127018922194 -0.18301270189221935 -0.6830127018922192 0.6830127018922194 2.6940357591457196 1.2000000000000013 4.079247733206767 1 00357.png

358 -0.5000000000000001 -0.5 0.4999999999999999 -0.5 2.185714285714285 2.499999999999999 -4.372727272727275 1 00358.png

359 -0.6830127018922194 -0.6830127018922192 -0.1830127018922193 0.18301270189221935 -4.879750044860007 2.5 0.29347953952050543 1 00359.png

360 -0.1830127018922194 -0.18301270189221935 -0.6830127018922192 0.6830127018922194 2.6940357591457196 2.5000000000000013 4.079247733206766 1 00360.png

361 -0.5000000000000001 -0.5 0.4999999999999999 -0.5 2.8142857142857136 1.199999999999999 -4.372727272727274 1 00361.png

362 -0.6830127018922194 -0.6830127018922192 -0.1830127018922193 0.18301270189221935 -5.194035759145721 1.1999999999999997 -0.25087928571542717 1 00362.png

363 -0.1830127018922194 -0.18301270189221935 -0.6830127018922192 0.6830127018922194 2.379750044860005 1.2000000000000013 4.6236065584427 1 00363.png

364 -0.5000000000000001 -0.5 0.4999999999999999 -0.5 2.8142857142857136 2.499999999999999 -4.372727272727275 1 00364.png

365 -0.6830127018922194 -0.6830127018922192 -0.1830127018922193 0.18301270189221935 -5.194035759145721 2.4999999999999996 -0.2508792857154276 1 00365.png

366 -0.1830127018922194 -0.18301270189221935 -0.6830127018922192 0.6830127018922194 2.379750044860005 2.5000000000000018 4.623606558442699 1 00366.png

367 -0.5000000000000001 -0.5 0.4999999999999999 -0.5 3.442857142857142 1.199999999999999 -4.372727272727274 1 00367.png

368 -0.6830127018922194 -0.6830127018922192 -0.1830127018922193 0.18301270189221935 -5.508321473431435 1.1999999999999997 -0.79523811095136 1 00368.png

369 -0.1830127018922194 -0.18301270189221935 -0.6830127018922192 0.6830127018922194 2.065464330574291 1.2000000000000015 5.167965383678633 1 00369.png

370 -0.5000000000000001 -0.5 0.4999999999999999 -0.5 3.442857142857142 2.499999999999999 -4.372727272727275 1 00370.png

371 -0.6830127018922194 -0.6830127018922192 -0.1830127018922193 0.18301270189221935 -5.508321473431435 2.4999999999999996 -0.7952381109513604 1 00371.png

372 -0.1830127018922194 -0.18301270189221935 -0.6830127018922192 0.6830127018922194 2.065464330574291 2.5000000000000018 5.167965383678633 1 00372.png

373 -0.5000000000000001 -0.5 0.4999999999999999 -0.5 4.071428571428571 1.199999999999999 -4.372727272727274 1 00373.png

374 -0.6830127018922194 -0.6830127018922192 -0.1830127018922193 0.18301270189221935 -5.82260718771715 1.1999999999999995 -1.3395969361872933 1 00374.png

375 -0.1830127018922194 -0.18301270189221935 -0.6830127018922192 0.6830127018922194 1.751178616288576 1.2000000000000017 5.712324208914566 1 00375.png

376 -0.5000000000000001 -0.5 0.4999999999999999 -0.5 4.071428571428571 2.499999999999999 -4.372727272727275 1 00376.png

377 -0.6830127018922194 -0.6830127018922192 -0.1830127018922193 0.18301270189221935 -5.82260718771715 2.499999999999999 -1.3395969361872937 1 00377.png

378 -0.1830127018922194 -0.18301270189221935 -0.6830127018922192 0.6830127018922194 1.751178616288576 2.5000000000000018 5.712324208914565 1 00378.png

379 -0.5000000000000001 -0.5 0.4999999999999999 -0.5 4.699999999999999 1.199999999999999 -4.372727272727274 1 00379.png

380 -0.6830127018922194 -0.6830127018922192 -0.1830127018922193 0.18301270189221935 -6.136892902002863 1.1999999999999993 -1.8839557614232256 1 00380.png

381 -0.1830127018922194 -0.18301270189221935 -0.6830127018922192 0.6830127018922194 1.436892902002862 1.2000000000000017 6.256683034150498 1 00381.png

382 -0.5000000000000001 -0.5 0.4999999999999999 -0.5 4.699999999999999 2.499999999999999 -4.372727272727275 1 00382.png

383 -0.6830127018922194 -0.6830127018922192 -0.1830127018922193 0.18301270189221935 -6.136892902002863 2.499999999999999 -1.883955761423226 1 00383.png

384 -0.1830127018922194 -0.18301270189221935 -0.6830127018922192 0.6830127018922194 1.436892902002862 2.500000000000002 6.256683034150498 1 00384.png

385 -0.5000000000000001 -0.5 0.4999999999999999 -0.5 0.2999999999999989 1.1999999999999988 -4.954545454545455 1 00385.png

386 -0.6830127018922194 -0.6830127018922192 -0.1830127018922193 0.18301270189221935 -4.440762227841083 1.2000000000000006 2.2174651061373956 1 00386.png

387 -0.1830127018922194 -0.18301270189221935 -0.6830127018922192 0.6830127018922194 4.140762227841082 1.2000000000000008 2.737080348408059 1 00387.png

388 -0.5000000000000001 -0.5 0.4999999999999999 -0.5 0.2999999999999989 2.499999999999999 -4.954545454545456 1 00388.png

389 -0.6830127018922194 -0.6830127018922192 -0.1830127018922193 0.18301270189221935 -4.440762227841083 2.500000000000001 2.217465106137395 1 00389.png

390 -0.1830127018922194 -0.18301270189221935 -0.6830127018922192 0.6830127018922194 4.140762227841082 2.500000000000001 2.7370803484080586 1 00390.png

391 -0.5000000000000001 -0.5 0.4999999999999999 -0.5 0.9285714285714275 1.1999999999999988 -4.954545454545455 1 00391.png

392 -0.6830127018922194 -0.6830127018922192 -0.1830127018922193 0.18301270189221935 -4.755047942126797 1.2000000000000004 1.6731062809014627 1 00392.png

393 -0.1830127018922194 -0.18301270189221935 -0.6830127018922192 0.6830127018922194 3.8264765135553676 1.200000000000001 3.281439173643992 1 00393.png

394 -0.5000000000000001 -0.5 0.4999999999999999 -0.5 0.9285714285714275 2.499999999999999 -4.954545454545456 1 00394.png

395 -0.6830127018922194 -0.6830127018922192 -0.1830127018922193 0.18301270189221935 -4.755047942126797 2.5000000000000004 1.6731062809014623 1 00395.png

396 -0.1830127018922194 -0.18301270189221935 -0.6830127018922192 0.6830127018922194 3.8264765135553676 2.5000000000000013 3.2814391736439914 1 00396.png

397 -0.5000000000000001 -0.5 0.4999999999999999 -0.5 1.5571428571428563 1.1999999999999988 -4.954545454545455 1 00397.png

398 -0.6830127018922194 -0.6830127018922192 -0.1830127018922193 0.18301270189221935 -5.069333656412511 1.2000000000000002 1.1287474556655297 1 00398.png

399 -0.1830127018922194 -0.18301270189221935 -0.6830127018922192 0.6830127018922194 3.512190799269653 1.2000000000000013 3.825797998879925 1 00399.png

400 -0.5000000000000001 -0.5 0.4999999999999999 -0.5 1.5571428571428563 2.499999999999999 -4.954545454545456 1 00400.png

401 -0.6830127018922194 -0.6830127018922192 -0.1830127018922193 0.18301270189221935 -5.069333656412511 2.5000000000000004 1.1287474556655293 1 00401.png

402 -0.1830127018922194 -0.18301270189221935 -0.6830127018922192 0.6830127018922194 3.512190799269653 2.5000000000000013 3.8257979988799242 1 00402.png

403 -0.5000000000000001 -0.5 0.4999999999999999 -0.5 2.185714285714285 1.1999999999999988 -4.954545454545456 1 00403.png

404 -0.6830127018922194 -0.6830127018922192 -0.1830127018922193 0.18301270189221935 -5.383619370698225 1.2 0.5843886304295969 1 00404.png

405 -0.1830127018922194 -0.18301270189221935 -0.6830127018922192 0.6830127018922194 3.1979050849839386 1.2000000000000015 4.370156824115858 1 00405.png

406 -0.5000000000000001 -0.5 0.4999999999999999 -0.5 2.185714285714285 2.499999999999999 -4.954545454545457 1 00406.png

407 -0.6830127018922194 -0.6830127018922192 -0.1830127018922193 0.18301270189221935 -5.383619370698225 2.5000000000000004 0.5843886304295964 1 00407.png

408 -0.1830127018922194 -0.18301270189221935 -0.6830127018922192 0.6830127018922194 3.1979050849839386 2.5000000000000013 4.370156824115857 1 00408.png

409 -0.5000000000000001 -0.5 0.4999999999999999 -0.5 2.8142857142857136 1.1999999999999988 -4.954545454545456 1 00409.png

410 -0.6830127018922194 -0.6830127018922192 -0.1830127018922193 0.18301270189221935 -5.69790508498394 1.1999999999999997 0.04002980519366384 1 00410.png

411 -0.1830127018922194 -0.18301270189221935 -0.6830127018922192 0.6830127018922194 2.883619370698224 1.2000000000000015 4.914515649351791 1 00411.png

412 -0.5000000000000001 -0.5 0.4999999999999999 -0.5 2.8142857142857136 2.499999999999999 -4.954545454545457 1 00412.png

413 -0.6830127018922194 -0.6830127018922192 -0.1830127018922193 0.18301270189221935 -5.69790508498394 2.5 0.04002980519366339 1 00413.png

414 -0.1830127018922194 -0.18301270189221935 -0.6830127018922192 0.6830127018922194 2.883619370698224 2.5000000000000018 4.91451564935179 1 00414.png

415 -0.5000000000000001 -0.5 0.4999999999999999 -0.5 3.442857142857142 1.1999999999999988 -4.954545454545456 1 00415.png

416 -0.6830127018922194 -0.6830127018922192 -0.1830127018922193 0.18301270189221935 -6.012190799269654 1.1999999999999997 -0.504329020042269 1 00416.png

417 -0.1830127018922194 -0.18301270189221935 -0.6830127018922192 0.6830127018922194 2.5693336564125095 1.2000000000000017 5.458874474587724 1 00417.png

418 -0.5000000000000001 -0.5 0.4999999999999999 -0.5 3.442857142857142 2.499999999999999 -4.954545454545457 1 00418.png

419 -0.6830127018922194 -0.6830127018922192 -0.1830127018922193 0.18301270189221935 -6.012190799269654 2.5 -0.5043290200422694 1 00419.png

420 -0.1830127018922194 -0.18301270189221935 -0.6830127018922192 0.6830127018922194 2.5693336564125095 2.5000000000000018 5.458874474587724 1 00420.png

421 -0.5000000000000001 -0.5 0.4999999999999999 -0.5 4.071428571428571 1.1999999999999988 -4.954545454545456 1 00421.png

422 -0.6830127018922194 -0.6830127018922192 -0.1830127018922193 0.18301270189221935 -6.326476513555368 1.1999999999999995 -1.0486878452782022 1 00422.png

423 -0.1830127018922194 -0.18301270189221935 -0.6830127018922192 0.6830127018922194 2.255047942126795 1.200000000000002 6.003233299823657 1 00423.png

424 -0.5000000000000001 -0.5 0.4999999999999999 -0.5 4.071428571428571 2.499999999999999 -4.954545454545457 1 00424.png

425 -0.6830127018922194 -0.6830127018922192 -0.1830127018922193 0.18301270189221935 -6.326476513555368 2.4999999999999996 -1.0486878452782027 1 00425.png

426 -0.1830127018922194 -0.18301270189221935 -0.6830127018922192 0.6830127018922194 2.255047942126795 2.5000000000000018 6.003233299823656 1 00426.png

427 -0.5000000000000001 -0.5 0.4999999999999999 -0.5 4.699999999999999 1.1999999999999988 -4.954545454545456 1 00427.png

428 -0.6830127018922194 -0.6830127018922192 -0.1830127018922193 0.18301270189221935 -6.640762227841083 1.1999999999999993 -1.5930466705141346 1 00428.png

429 -0.1830127018922194 -0.18301270189221935 -0.6830127018922192 0.6830127018922194 1.940762227841081 1.200000000000002 6.547592125059589 1 00429.png

430 -0.5000000000000001 -0.5 0.4999999999999999 -0.5 4.699999999999999 2.499999999999999 -4.954545454545457 1 00430.png

431 -0.6830127018922194 -0.6830127018922192 -0.1830127018922193 0.18301270189221935 -6.640762227841083 2.4999999999999996 -1.593046670514135 1 00431.png

432 -0.1830127018922194 -0.18301270189221935 -0.6830127018922192 0.6830127018922194 1.940762227841081 2.500000000000002 6.547592125059589 1 00432.png

433 -0.5000000000000001 -0.5 0.4999999999999999 -0.5 0.29999999999999877 1.1999999999999986 -5.536363636363637 1 00433.png

434 -0.6830127018922194 -0.6830127018922192 -0.1830127018922193 0.18301270189221935 -4.944631553679302 1.2000000000000006 2.5083741970464866 1 00434.png

435 -0.1830127018922194 -0.18301270189221935 -0.6830127018922192 0.6830127018922194 4.6446315536793 1.2000000000000008 3.02798943931715 1 00435.png

436 -0.5000000000000001 -0.5 0.4999999999999999 -0.5 0.29999999999999877 2.4999999999999987 -5.536363636363638 1 00436.png

437 -0.6830127018922194 -0.6830127018922192 -0.1830127018922193 0.18301270189221935 -4.944631553679302 2.500000000000001 2.508374197046486 1 00437.png

438 -0.1830127018922194 -0.18301270189221935 -0.6830127018922192 0.6830127018922194 4.6446315536793 2.500000000000001 3.0279894393171496 1 00438.png

439 -0.5000000000000001 -0.5 0.4999999999999999 -0.5 0.9285714285714274 1.1999999999999986 -5.536363636363637 1 00439.png

440 -0.6830127018922194 -0.6830127018922192 -0.1830127018922193 0.18301270189221935 -5.258917267965016 1.2000000000000004 1.9640153718105537 1 00440.png

441 -0.1830127018922194 -0.18301270189221935 -0.6830127018922192 0.6830127018922194 4.330345839393586 1.200000000000001 3.572348264553083 1 00441.png

442 -0.5000000000000001 -0.5 0.4999999999999999 -0.5 0.9285714285714274 2.4999999999999987 -5.536363636363638 1 00442.png

443 -0.6830127018922194 -0.6830127018922192 -0.1830127018922193 0.18301270189221935 -5.258917267965016 2.5000000000000004 1.9640153718105533 1 00443.png

444 -0.1830127018922194 -0.18301270189221935 -0.6830127018922192 0.6830127018922194 4.330345839393586 2.5000000000000013 3.5723482645530824 1 00444.png

445 -0.5000000000000001 -0.5 0.4999999999999999 -0.5 1.557142857142856 1.1999999999999986 -5.536363636363637 1 00445.png

446 -0.6830127018922194 -0.6830127018922192 -0.1830127018922193 0.18301270189221935 -5.57320298225073 1.2000000000000002 1.4196565465746207 1 00446.png

447 -0.1830127018922194 -0.18301270189221935 -0.6830127018922192 0.6830127018922194 4.016060125107871 1.2000000000000013 4.116707089789016 1 00447.png

448 -0.5000000000000001 -0.5 0.4999999999999999 -0.5 1.557142857142856 2.4999999999999987 -5.536363636363638 1 00448.png

449 -0.6830127018922194 -0.6830127018922192 -0.1830127018922193 0.18301270189221935 -5.57320298225073 2.5000000000000004 1.4196565465746203 1 00449.png

450 -0.1830127018922194 -0.18301270189221935 -0.6830127018922192 0.6830127018922194 4.016060125107871 2.5000000000000013 4.116707089789015 1 00450.png

451 -0.5000000000000001 -0.5 0.4999999999999999 -0.5 2.1857142857142846 1.1999999999999986 -5.536363636363638 1 00451.png

452 -0.6830127018922194 -0.6830127018922192 -0.1830127018922193 0.18301270189221935 -5.887488696536444 1.2 0.8752977213386879 1 00452.png

453 -0.1830127018922194 -0.18301270189221935 -0.6830127018922192 0.6830127018922194 3.701774410822157 1.2000000000000015 4.661065915024949 1 00453.png

454 -0.5000000000000001 -0.5 0.4999999999999999 -0.5 2.1857142857142846 2.4999999999999987 -5.536363636363639 1 00454.png

455 -0.6830127018922194 -0.6830127018922192 -0.1830127018922193 0.18301270189221935 -5.887488696536444 2.5000000000000004 0.8752977213386874 1 00455.png

456 -0.1830127018922194 -0.18301270189221935 -0.6830127018922192 0.6830127018922194 3.701774410822157 2.5000000000000013 4.661065915024948 1 00456.png

457 -0.5000000000000001 -0.5 0.4999999999999999 -0.5 2.814285714285713 1.1999999999999986 -5.536363636363638 1 00457.png

458 -0.6830127018922194 -0.6830127018922192 -0.1830127018922193 0.18301270189221935 -6.201774410822159 1.1999999999999997 0.33093889610275484 1 00458.png

459 -0.1830127018922194 -0.18301270189221935 -0.6830127018922192 0.6830127018922194 3.3874886965364426 1.2000000000000015 5.205424740260882 1 00459.png

460 -0.5000000000000001 -0.5 0.4999999999999999 -0.5 2.814285714285713 2.4999999999999987 -5.536363636363639 1 00460.png

461 -0.6830127018922194 -0.6830127018922192 -0.1830127018922193 0.18301270189221935 -6.201774410822159 2.5 0.3309388961027544 1 00461.png

462 -0.1830127018922194 -0.18301270189221935 -0.6830127018922192 0.6830127018922194 3.3874886965364426 2.5000000000000018 5.205424740260881 1 00462.png

463 -0.5000000000000001 -0.5 0.4999999999999999 -0.5 3.4428571428571417 1.1999999999999986 -5.536363636363638 1 00463.png

464 -0.6830127018922194 -0.6830127018922192 -0.1830127018922193 0.18301270189221935 -6.516060125107873 1.1999999999999997 -0.21341992913317798 1 00464.png

465 -0.1830127018922194 -0.18301270189221935 -0.6830127018922192 0.6830127018922194 3.073202982250728 1.2000000000000017 5.749783565496815 1 00465.png

466 -0.5000000000000001 -0.5 0.4999999999999999 -0.5 3.4428571428571417 2.4999999999999987 -5.536363636363639 1 00466.png

467 -0.6830127018922194 -0.6830127018922192 -0.1830127018922193 0.18301270189221935 -6.516060125107873 2.5 -0.21341992913317842 1 00467.png

468 -0.1830127018922194 -0.18301270189221935 -0.6830127018922192 0.6830127018922194 3.073202982250728 2.5000000000000018 5.749783565496815 1 00468.png

469 -0.5000000000000001 -0.5 0.4999999999999999 -0.5 4.071428571428571 1.1999999999999986 -5.536363636363638 1 00469.png

470 -0.6830127018922194 -0.6830127018922192 -0.1830127018922193 0.18301270189221935 -6.830345839393587 1.1999999999999995 -0.7577787543691112 1 00470.png

471 -0.1830127018922194 -0.18301270189221935 -0.6830127018922192 0.6830127018922194 2.7589172679650136 1.200000000000002 6.294142390732748 1 00471.png

472 -0.5000000000000001 -0.5 0.4999999999999999 -0.5 4.071428571428571 2.4999999999999987 -5.536363636363639 1 00472.png

473 -0.6830127018922194 -0.6830127018922192 -0.1830127018922193 0.18301270189221935 -6.830345839393587 2.4999999999999996 -0.7577787543691117 1 00473.png

474 -0.1830127018922194 -0.18301270189221935 -0.6830127018922192 0.6830127018922194 2.7589172679650136 2.5000000000000018 6.294142390732747 1 00474.png

475 -0.5000000000000001 -0.5 0.4999999999999999 -0.5 4.699999999999999 1.1999999999999986 -5.536363636363638 1 00475.png

476 -0.6830127018922194 -0.6830127018922192 -0.1830127018922193 0.18301270189221935 -7.144631553679302 1.1999999999999993 -1.3021375796050436 1 00476.png

477 -0.1830127018922194 -0.18301270189221935 -0.6830127018922192 0.6830127018922194 2.4446315536792995 1.200000000000002 6.83850121596868 1 00477.png

478 -0.5000000000000001 -0.5 0.4999999999999999 -0.5 4.699999999999999 2.4999999999999987 -5.536363636363639 1 00478.png

479 -0.6830127018922194 -0.6830127018922192 -0.1830127018922193 0.18301270189221935 -7.144631553679302 2.4999999999999996 -1.302137579605044 1 00479.png

480 -0.1830127018922194 -0.18301270189221935 -0.6830127018922192 0.6830127018922194 2.4446315536792995 2.500000000000002 6.83850121596868 1 00480.png

481 -0.5000000000000001 -0.5 0.4999999999999999 -0.5 0.29999999999999866 1.1999999999999986 -6.118181818181819 1 00481.png

482 -0.6830127018922194 -0.6830127018922192 -0.1830127018922193 0.18301270189221935 -5.448500879517521 1.2000000000000008 2.7992832879555776 1 00482.png

483 -0.1830127018922194 -0.18301270189221935 -0.6830127018922192 0.6830127018922194 5.14850087951752 1.200000000000001 3.3188985302262415 1 00483.png

484 -0.5000000000000001 -0.5 0.4999999999999999 -0.5 0.29999999999999866 2.4999999999999987 -6.11818181818182 1 00484.png

485 -0.6830127018922194 -0.6830127018922192 -0.1830127018922193 0.18301270189221935 -5.448500879517521 2.500000000000001 2.799283287955577 1 00485.png

486 -0.1830127018922194 -0.18301270189221935 -0.6830127018922192 0.6830127018922194 5.14850087951752 2.500000000000001 3.318898530226241 1 00486.png

487 -0.5000000000000001 -0.5 0.4999999999999999 -0.5 0.9285714285714273 1.1999999999999986 -6.118181818181819 1 00487.png

488 -0.6830127018922194 -0.6830127018922192 -0.1830127018922193 0.18301270189221935 -5.762786593803235 1.2000000000000006 2.2549244627196448 1 00488.png

489 -0.1830127018922194 -0.18301270189221935 -0.6830127018922192 0.6830127018922194 4.8342151652318055 1.2000000000000013 3.8632573554621743 1 00489.png

490 -0.5000000000000001 -0.5 0.4999999999999999 -0.5 0.9285714285714273 2.4999999999999987 -6.11818181818182 1 00490.png

491 -0.6830127018922194 -0.6830127018922192 -0.1830127018922193 0.18301270189221935 -5.762786593803235 2.5000000000000004 2.2549244627196443 1 00491.png

492 -0.1830127018922194 -0.18301270189221935 -0.6830127018922192 0.6830127018922194 4.8342151652318055 2.5000000000000013 3.863257355462174 1 00492.png

493 -0.5000000000000001 -0.5 0.4999999999999999 -0.5 1.557142857142856 1.1999999999999986 -6.118181818181819 1 00493.png

494 -0.6830127018922194 -0.6830127018922192 -0.1830127018922193 0.18301270189221935 -6.077072308088949 1.2000000000000004 1.7105656374837117 1 00494.png

495 -0.1830127018922194 -0.18301270189221935 -0.6830127018922192 0.6830127018922194 4.5199294509460906 1.2000000000000015 4.407616180698107 1 00495.png

496 -0.5000000000000001 -0.5 0.4999999999999999 -0.5 1.557142857142856 2.4999999999999987 -6.11818181818182 1 00496.png

497 -0.6830127018922194 -0.6830127018922192 -0.1830127018922193 0.18301270189221935 -6.077072308088949 2.5000000000000004 1.7105656374837113 1 00497.png

498 -0.1830127018922194 -0.18301270189221935 -0.6830127018922192 0.6830127018922194 4.5199294509460906 2.5000000000000013 4.407616180698107 1 00498.png

499 -0.5000000000000001 -0.5 0.4999999999999999 -0.5 2.1857142857142846 1.1999999999999986 -6.11818181818182 1 00499.png

500 -0.6830127018922194 -0.6830127018922192 -0.1830127018922193 0.18301270189221935 -6.391358022374664 1.2000000000000002 1.166206812247779 1 00500.png

501 -0.1830127018922194 -0.18301270189221935 -0.6830127018922192 0.6830127018922194 4.2056437366603765 1.2000000000000017 4.95197500593404 1 00501.png

502 -0.5000000000000001 -0.5 0.4999999999999999 -0.5 2.1857142857142846 2.4999999999999987 -6.118181818181821 1 00502.png

503 -0.6830127018922194 -0.6830127018922192 -0.1830127018922193 0.18301270189221935 -6.391358022374664 2.5000000000000004 1.1662068122477784 1 00503.png

504 -0.1830127018922194 -0.18301270189221935 -0.6830127018922192 0.6830127018922194 4.2056437366603765 2.5000000000000013 4.95197500593404 1 00504.png

505 -0.5000000000000001 -0.5 0.4999999999999999 -0.5 2.814285714285713 1.1999999999999986 -6.11818181818182 1 00505.png

506 -0.6830127018922194 -0.6830127018922192 -0.1830127018922193 0.18301270189221935 -6.705643736660378 1.2 0.6218479870118458 1 00506.png

507 -0.1830127018922194 -0.18301270189221935 -0.6830127018922192 0.6830127018922194 3.891358022374662 1.2000000000000017 5.496333831169974 1 00507.png

508 -0.5000000000000001 -0.5 0.4999999999999999 -0.5 2.814285714285713 2.4999999999999987 -6.118181818181821 1 00508.png

509 -0.6830127018922194 -0.6830127018922192 -0.1830127018922193 0.18301270189221935 -6.705643736660378 2.5 0.6218479870118454 1 00509.png

510 -0.1830127018922194 -0.18301270189221935 -0.6830127018922192 0.6830127018922194 3.891358022374662 2.5000000000000018 5.496333831169973 1 00510.png

511 -0.5000000000000001 -0.5 0.4999999999999999 -0.5 3.4428571428571417 1.1999999999999986 -6.11818181818182 1 00511.png

512 -0.6830127018922194 -0.6830127018922192 -0.1830127018922193 0.18301270189221935 -7.019929450946092 1.2 0.07748916177591303 1 00512.png

513 -0.1830127018922194 -0.18301270189221935 -0.6830127018922192 0.6830127018922194 3.5770723080889475 1.200000000000002 6.040692656405906 1 00513.png

514 -0.5000000000000001 -0.5 0.4999999999999999 -0.5 3.4428571428571417 2.4999999999999987 -6.118181818181821 1 00514.png

515 -0.6830127018922194 -0.6830127018922192 -0.1830127018922193 0.18301270189221935 -7.019929450946092 2.5 0.07748916177591259 1 00515.png

516 -0.1830127018922194 -0.18301270189221935 -0.6830127018922192 0.6830127018922194 3.5770723080889475 2.5000000000000018 6.040692656405906 1 00516.png

517 -0.5000000000000001 -0.5 0.4999999999999999 -0.5 4.07142857142857 1.1999999999999986 -6.11818181818182 1 00517.png

518 -0.6830127018922194 -0.6830127018922192 -0.1830127018922193 0.18301270189221935 -7.334215165231807 1.1999999999999997 -0.46686966346002023 1 00518.png

519 -0.1830127018922194 -0.18301270189221935 -0.6830127018922192 0.6830127018922194 3.262786593803233 1.2000000000000022 6.585051481641839 1 00519.png

520 -0.5000000000000001 -0.5 0.4999999999999999 -0.5 4.07142857142857 2.4999999999999987 -6.118181818181821 1 00520.png

521 -0.6830127018922194 -0.6830127018922192 -0.1830127018922193 0.18301270189221935 -7.334215165231807 2.4999999999999996 -0.4668696634600207 1 00521.png

522 -0.1830127018922194 -0.18301270189221935 -0.6830127018922192 0.6830127018922194 3.262786593803233 2.5000000000000018 6.585051481641839 1 00522.png

523 -0.5000000000000001 -0.5 0.4999999999999999 -0.5 4.699999999999998 1.1999999999999986 -6.11818181818182 1 00523.png

524 -0.6830127018922194 -0.6830127018922192 -0.1830127018922193 0.18301270189221935 -7.6485008795175204 1.1999999999999995 -1.0112284886959526 1 00524.png

525 -0.1830127018922194 -0.18301270189221935 -0.6830127018922192 0.6830127018922194 2.948500879517519 1.2000000000000022 7.129410306877771 1 00525.png

526 -0.5000000000000001 -0.5 0.4999999999999999 -0.5 4.699999999999998 2.4999999999999987 -6.118181818181821 1 00526.png

527 -0.6830127018922194 -0.6830127018922192 -0.1830127018922193 0.18301270189221935 -7.6485008795175204 2.4999999999999996 -1.011228488695953 1 00527.png

528 -0.1830127018922194 -0.18301270189221935 -0.6830127018922192 0.6830127018922194 2.948500879517519 2.500000000000002 7.129410306877771 1 00528.png

529 -0.5000000000000001 -0.5 0.4999999999999999 -0.5 0.2999999999999985 1.1999999999999984 -6.7 1 00529.png

530 -0.6830127018922194 -0.6830127018922192 -0.1830127018922193 0.18301270189221935 -5.952370205355739 1.2000000000000008 3.090192378864668 1 00530.png

531 -0.1830127018922194 -0.18301270189221935 -0.6830127018922192 0.6830127018922194 5.652370205355738 1.200000000000001 3.609807621135332 1 00531.png

532 -0.5000000000000001 -0.5 0.4999999999999999 -0.5 0.2999999999999985 2.4999999999999987 -6.700000000000001 1 00532.png

533 -0.6830127018922194 -0.6830127018922192 -0.1830127018922193 0.18301270189221935 -5.952370205355739 2.500000000000001 3.0901923788646677 1 00533.png

534 -0.1830127018922194 -0.18301270189221935 -0.6830127018922192 0.6830127018922194 5.652370205355738 2.5000000000000013 3.6098076211353316 1 00534.png

535 -0.5000000000000001 -0.5 0.4999999999999999 -0.5 0.9285714285714272 1.1999999999999984 -6.7 1 00535.png

536 -0.6830127018922194 -0.6830127018922192 -0.1830127018922193 0.18301270189221935 -6.266655919641453 1.2000000000000006 2.5458335536287353 1 00536.png

537 -0.1830127018922194 -0.18301270189221935 -0.6830127018922192 0.6830127018922194 5.338084491070024 1.2000000000000013 4.154166446371265 1 00537.png

538 -0.5000000000000001 -0.5 0.4999999999999999 -0.5 0.9285714285714272 2.4999999999999987 -6.700000000000001 1 00538.png

539 -0.6830127018922194 -0.6830127018922192 -0.1830127018922193 0.18301270189221935 -6.266655919641453 2.5000000000000004 2.545833553628735 1 00539.png

540 -0.1830127018922194 -0.18301270189221935 -0.6830127018922192 0.6830127018922194 5.338084491070024 2.5000000000000018 4.154166446371264 1 00540.png

541 -0.5000000000000001 -0.5 0.4999999999999999 -0.5 1.5571428571428558 1.1999999999999984 -6.7 1 00541.png

542 -0.6830127018922194 -0.6830127018922192 -0.1830127018922193 0.18301270189221935 -6.580941633927167 1.2000000000000004 2.001474728392802 1 00542.png

543 -0.1830127018922194 -0.18301270189221935 -0.6830127018922192 0.6830127018922194 5.023798776784309 1.2000000000000015 4.698525271607198 1 00543.png

544 -0.5000000000000001 -0.5 0.4999999999999999 -0.5 1.5571428571428558 2.4999999999999987 -6.700000000000001 1 00544.png

545 -0.6830127018922194 -0.6830127018922192 -0.1830127018922193 0.18301270189221935 -6.580941633927167 2.5000000000000004 2.001474728392802 1 00545.png

546 -0.1830127018922194 -0.18301270189221935 -0.6830127018922192 0.6830127018922194 5.023798776784309 2.5000000000000018 4.698525271607197 1 00546.png

547 -0.5000000000000001 -0.5 0.4999999999999999 -0.5 2.1857142857142846 1.1999999999999984 -6.700000000000001 1 00547.png

548 -0.6830127018922194 -0.6830127018922192 -0.1830127018922193 0.18301270189221935 -6.895227348212881 1.2000000000000002 1.4571159031568695 1 00548.png

549 -0.1830127018922194 -0.18301270189221935 -0.6830127018922192 0.6830127018922194 4.709513062498595 1.2000000000000017 5.242884096843131 1 00549.png

550 -0.5000000000000001 -0.5 0.4999999999999999 -0.5 2.1857142857142846 2.4999999999999987 -6.700000000000002 1 00550.png

551 -0.6830127018922194 -0.6830127018922192 -0.1830127018922193 0.18301270189221935 -6.895227348212881 2.5000000000000004 1.457115903156869 1 00551.png

552 -0.1830127018922194 -0.18301270189221935 -0.6830127018922192 0.6830127018922194 4.709513062498595 2.5000000000000018 5.24288409684313 1 00552.png

553 -0.5000000000000001 -0.5 0.4999999999999999 -0.5 2.814285714285713 1.1999999999999984 -6.700000000000001 1 00553.png

554 -0.6830127018922194 -0.6830127018922192 -0.1830127018922193 0.18301270189221935 -7.209513062498596 1.2 0.9127570779209364 1 00554.png

555 -0.1830127018922194 -0.18301270189221935 -0.6830127018922192 0.6830127018922194 4.395227348212881 1.2000000000000017 5.787242922079064 1 00555.png

556 -0.5000000000000001 -0.5 0.4999999999999999 -0.5 2.814285714285713 2.4999999999999987 -6.700000000000002 1 00556.png

557 -0.6830127018922194 -0.6830127018922192 -0.1830127018922193 0.18301270189221935 -7.209513062498596 2.5 0.912757077920936 1 00557.png

558 -0.1830127018922194 -0.18301270189221935 -0.6830127018922192 0.6830127018922194 4.395227348212881 2.500000000000002 5.787242922079063 1 00558.png

559 -0.5000000000000001 -0.5 0.4999999999999999 -0.5 3.4428571428571417 1.1999999999999984 -6.700000000000001 1 00559.png

560 -0.6830127018922194 -0.6830127018922192 -0.1830127018922193 0.18301270189221935 -7.52379877678431 1.2 0.3683982526850036 1 00560.png

561 -0.1830127018922194 -0.18301270189221935 -0.6830127018922192 0.6830127018922194 4.080941633927166 1.200000000000002 6.331601747314997 1 00561.png

562 -0.5000000000000001 -0.5 0.4999999999999999 -0.5 3.4428571428571417 2.4999999999999987 -6.700000000000002 1 00562.png

563 -0.6830127018922194 -0.6830127018922192 -0.1830127018922193 0.18301270189221935 -7.52379877678431 2.5 0.36839825268500315 1 00563.png

564 -0.1830127018922194 -0.18301270189221935 -0.6830127018922192 0.6830127018922194 4.080941633927166 2.500000000000002 6.331601747314997 1 00564.png

565 -0.5000000000000001 -0.5 0.4999999999999999 -0.5 4.07142857142857 1.1999999999999984 -6.700000000000001 1 00565.png

566 -0.6830127018922194 -0.6830127018922192 -0.1830127018922193 0.18301270189221935 -7.838084491070024 1.1999999999999997 -0.17596057255092967 1 00566.png

567 -0.1830127018922194 -0.18301270189221935 -0.6830127018922192 0.6830127018922194 3.7666559196414515 1.2000000000000022 6.87596057255093 1 00567.png

568 -0.5000000000000001 -0.5 0.4999999999999999 -0.5 4.07142857142857 2.4999999999999987 -6.700000000000002 1 00568.png

569 -0.6830127018922194 -0.6830127018922192 -0.1830127018922193 0.18301270189221935 -7.838084491070024 2.4999999999999996 -0.17596057255093012 1 00569.png

570 -0.1830127018922194 -0.18301270189221935 -0.6830127018922192 0.6830127018922194 3.7666559196414515 2.500000000000002 6.875960572550929 1 00570.png

571 -0.5000000000000001 -0.5 0.4999999999999999 -0.5 4.699999999999998 1.1999999999999984 -6.700000000000001 1 00571.png

572 -0.6830127018922194 -0.6830127018922192 -0.1830127018922193 0.18301270189221935 -8.152370205355739 1.1999999999999995 -0.720319397786862 1 00572.png

573 -0.1830127018922194 -0.18301270189221935 -0.6830127018922192 0.6830127018922194 3.4523702053557375 1.2000000000000022 7.420319397786862 1 00573.png

574 -0.5000000000000001 -0.5 0.4999999999999999 -0.5 4.699999999999998 2.4999999999999987 -6.700000000000002 1 00574.png

575 -0.6830127018922194 -0.6830127018922192 -0.1830127018922193 0.18301270189221935 -8.152370205355739 2.4999999999999996 -0.7203193977868625 1 00575.png

576 -0.1830127018922194 -0.18301270189221935 -0.6830127018922192 0.6830127018922194 3.4523702053557375 2.5000000000000027 7.420319397786862 1 00576.png

