1 -0.5000000000000001 -0.5 0.4999999999999999 -0.5 0.29999999999999993 1.2 -0.3000000000000003

2 -0.5000000000000001 -0.5 0.4999999999999999 -0.5 2.5 1.2 -0.3000000000000008

3 -0.1830127018922194 -0.18301270189221935 -0.6830127018922192 0.6830127018922194 0.10980762113533146 1.2 0.4098076211353312

4 -0.5000000000000001 -0.5 0.4999999999999999 -0.5 1.0333333333333334 1.2 -0.3000000000000005

5 -0.6830127018922194 -0.6830127018922192 -0.1830127018922193 0.18301270189221935 -0.7764742878019983 1.1999999999999997 -0.7448929172439203

