100000 2925.714242 593.018913 0.000000
100001 2925.714242 593.018913 0.000000
100002 2925.714242 593.018913 0.000000
100003 2925.714242 593.018913 0.000000
100004 2925.714242 593.018913 0.000000
100005 2925.714242 593.018913 0.000000
100006 2925.714242 593.018913 0.000000
100007 2925.714242 593.018913 0.000000
100008 2925.714242 593.018913 0.000000
100009 2925.714242 593.018913 0.000000
100010 2925.714242 593.018913 0.000000
100011 2925.714242 593.018913 0.000000
100012 2925.714242 593.018913 0.000000
100013 2925.714242 593.018913 0.000000
100014 2879.254536 592.831555 196.646551
100015 2700.325700 586.764240 198.261177
100016 2529.417726 592.488270 199.058560
100017 2337.494661 593.109063 193.990812
100018 2179.163662 593.569628 199.451244
100019 1990.819574 592.247500 199.661732
100020 1817.675133 591.892168 196.242424
100021 1714.293553 591.501764 197.021275
100022 1346.979676 587.412853 194.779463
100023 487.489136 585.691219 187.793476
100024 -474.763195 577.481466 186.614065
100025 -660.403081 570.489808 185.151489
100026 -751.096761 568.294386 193.680841
100027 -892.283707 570.844697 198.458365
100028 -1082.549585 570.654249 200.650008
100029 -1926.959978 554.812667 200.298771
100030 -2735.976556 541.315881 201.290948
100031 -3577.732159 542.455643 0.619895
100032 -3586.494400 56.961699 190.869810
100033 -3582.839488 -752.666347 199.491650
100034 -3574.922846 -1559.158369 205.918770
100035 -3565.435866 -1847.987707 199.885008
100036 -3552.905753 -2007.513974 209.713718
100037 -3546.592641 -2245.898322 200.697977
100038 -3536.094275 -2426.088290 203.287328
100039 -3526.177633 -2603.654084 209.240920
100040 -3518.797243 -2776.046846 200.548498
100041 -3511.961999 -2954.522335 200.889335
100042 -3503.587060 -3139.114004 202.855360
100043 -3491.766981 -3305.664318 204.812380
100044 -3482.265715 -3486.521385 208.197011
100045 -3473.359999 -3672.366262 201.686412
100046 -3465.300020 -3837.976068 197.932195
100047 -3455.886458 -4020.532374 201.532793
100048 -3443.836446 -4192.809151 201.529938
100049 -3428.366456 -4364.224300 200.528210
100050 -3416.173207 -4555.397858 205.085030
100051 -3406.834926 -4714.703583 200.936763
100052 -3400.531772 -4878.113332 204.275074
100053 -3384.033310 -5074.779788 198.014181
100054 -3369.288066 -5238.966824 193.883675
100055 -3364.102402 -5356.738998 200.768770
100056 -3349.425497 -5582.906820 196.860247
100057 -3336.215185 -5752.338677 203.080003
100058 -3326.442444 -5881.620184 203.132918
100059 -3314.308576 -6049.610886 202.755487
100060 -3300.069779 -6218.326126 201.241853
100061 -3281.277718 -6402.292675 197.399922
100062 -3265.570787 -6572.455738 202.252921
100063 -3246.693910 -6751.556462 203.863939
100064 -3216.423781 -6935.156296 200.429168
100065 -3199.721339 -7084.209261 206.119298
100066 -3184.608516 -7216.185607 204.472839
100067 -3170.296217 -7380.183472 203.288532
100068 -3159.907321 -7569.739403 203.684605
100069 -3144.803350 -7748.198600 202.867731
100070 -3125.187016 -7931.215774 201.508059
100071 -3114.473141 -8103.074941 209.199406
100072 -3088.188266 -8222.041067 190.271976
100073 -3070.397483 -8368.925528 171.106660
100074 -3059.463193 -8482.646263 74.205315
100075 -3026.718212 -8551.213312 96.844728
100076 -3025.682248 -8565.702939 153.860417
100077 -3017.754125 -8633.102457 77.085558
100078 -3149.137567 -8790.176504 242.498340
100079 -3270.320925 -8947.070720 223.376504
100080 -3412.394022 -9099.601276 209.801324
100081 -3549.489278 -9220.843213 193.112100
100082 -3589.542850 -9251.880273 3.687538
100083 -3442.566572 -9267.327520 197.114904
100084 -3333.141026 -9274.055366 203.091987
100085 -3157.681958 -9288.719177 197.621438
100086 -3025.548728 -9293.576351 203.630000
100087 -2848.696408 -9302.860435 194.736959
100088 -2667.841305 -9308.049008 186.686902
100089 -2490.483889 -9314.279918 183.747552
100090 -2301.254363 -9316.319419 193.142409
100091 -2134.091990 -9321.934957 198.322669
100092 -2000.323203 -9325.746650 192.219827
100093 -1832.135987 -9327.507140 196.823151
100094 -1650.303284 -9329.071609 200.705455
100095 -1518.558170 -9331.436019 196.974235
100096 -1344.410474 -9341.338754 196.109352
100097 -1235.406361 -9347.153172 194.178174
100098 -984.056486 -9353.743844 197.112221
100099 -676.307824 -9369.821804 196.124722
100100 -503.761915 -9376.303170 203.184022
100101 -370.335908 -9378.651546 198.962347
100102 -208.297289 -9381.920192 200.562539
100103 -14.340814 -9391.324828 201.262276
100104 110.656537 -9395.323819 196.402962
100105 279.608198 -9399.618946 206.049829
100106 478.139995 -9409.848164 201.709439
100107 664.792276 -9412.419202 204.170457
100108 834.694629 -9420.536617 202.104506
100109 1019.631803 -9436.408490 194.758164
100110 1208.350408 -9442.134901 197.577042
100111 1372.728683 -9452.916724 197.949784
100112 1548.981175 -9462.047786 202.151193
100113 1683.251038 -9468.309902 192.585118
100114 1866.191421 -9470.641313 197.223184
100115 2044.033603 -9478.348651 200.307502
100116 2208.261067 -9481.814406 203.920174
100117 2402.590548 -9489.530511 197.992540
100118 2524.284245 -9495.372294 198.729261
100119 2589.639191 -9496.863684 190.716892
100120 2888.809379 -9512.847297 201.901230
100121 3013.250214 -9519.558939 205.810723
100122 3136.052271 -9526.742124 196.065862
100123 3313.770012 -9529.203566 201.301007
100124 3488.478914 -9542.354319 201.188283
100125 3654.168824 -9548.506813 202.685389
100126 3842.650012 -9563.036159 198.181747
100127 4029.068953 -9571.346219 198.425284
100128 4129.023363 -9576.957943 204.337881
100129 4340.089474 -9584.195590 196.953551
100130 4516.744878 -9591.497388 195.215521
100131 4675.419315 -9599.022522 196.000241
100132 4873.449829 -9603.174830 199.656562
100133 4995.050119 -9607.652874 198.124310
100134 5106.880819 -9611.988043 205.099910
100135 5297.267581 -9626.817162 199.346008
100136 5475.691641 -9645.890495 196.429486
100137 5602.018021 -9652.996033 202.571515
100138 5778.423439 -9668.878674 197.504300
100139 5951.626840 -9672.582205 200.323623
100140 6138.340215 -9683.254627 199.072586
100141 6375.964321 -9699.771486 196.869519
100142 6607.328998 -9708.561197 203.207585
100143 6796.306293 -9734.201439 44.935759
100144 6834.584136 -9337.225934 151.003468
100145 6829.252448 -9157.942103 199.494556
100146 6829.326950 -9048.645762 194.709774
100147 6833.637388 -8877.763501 192.472223
100148 6838.260280 -8713.565840 201.431303
100149 6841.223710 -8545.838585 197.653559
100150 6848.042380 -8428.443340 197.212581
100151 6845.208922 -8302.533067 197.155487
100152 6845.949320 -8196.232933 163.760136
100153 6848.496831 -8013.371463 188.613787
100154 6852.040645 -7852.178112 196.472430
100155 6857.587037 -7665.864421 196.596831
100156 6856.785774 -7501.994317 191.410836
100157 6858.634965 -7316.942554 198.769474
100158 6872.906176 -7022.010727 207.231876
100159 6872.895824 -6791.851515 203.288746
100160 6867.254268 -6623.979240 201.267081
100161 6867.239638 -6442.459233 198.411305
100162 6873.313714 -6266.989350 201.899286
100163 6876.372103 -6142.853953 196.511557
100164 6880.414748 -6044.627681 196.420314
100165 6884.935030 -5863.624804 194.146431
100166 6886.781237 -5746.575007 195.784234
100167 6889.213316 -5571.535185 190.704891
100168 6898.642570 -5402.958115 197.076083
100169 6906.742029 -5224.057327 209.971689
100170 6913.708521 -5043.380554 211.137120
100171 6921.386669 -4876.128384 202.464669
100172 6929.725453 -4698.985976 195.158918
100173 6927.858393 -4560.648607 154.059566
100174 6907.291809 -4401.879830 194.768157
100175 6892.667138 -4286.438381 13.900293
100176 6893.901593 -4350.710716 167.053981
100177 6890.522873 -4457.215439 181.533283
100178 6888.581322 -4654.302306 176.229399
100179 6885.584537 -4877.258819 195.677079
100180 6884.315854 -5051.184849 187.805252
100181 6881.249853 -5211.297912 206.505242
100182 6879.598125 -5392.375362 199.626704
100183 6878.836355 -5512.047076 203.571276
100184 6873.804358 -5680.007920 204.478916
100185 6874.790280 -5847.362081 209.526186
100186 6879.431270 -5968.457720 210.238231
100187 6879.870795 -6138.053662 209.111914
100188 6879.732192 -6328.969446 209.475538
100189 6878.478251 -6496.799333 210.131024
100190 6878.951356 -6671.575517 206.396312
100191 6881.611513 -6844.252683 204.610791
100192 6884.270355 -7025.482010 210.902192
100193 6885.142580 -7192.999806 208.918740
100194 6889.963672 -7366.529831 205.372906
100195 6902.193147 -7541.881573 203.850211
100196 6906.007160 -7716.296627 209.165100
100197 6907.717353 -7881.627515 210.804502
100198 6912.096235 -8008.039710 198.195432
100199 6916.384652 -8117.492627 206.048654
100200 6914.979929 -8348.857214 209.147318
100201 6917.696459 -8532.635324 209.860542
100202 6924.899146 -8702.953302 212.342445
100203 6928.864184 -8878.431287 204.676839
100204 6915.824337 -9014.885215 159.491937
100205 6865.594737 -9167.345830 189.100968
100206 6844.472163 -9258.328660 11.125118
100207 6804.357029 -9264.095753 203.594532
100208 6632.048073 -9283.832570 186.274710
100209 6507.943919 -9288.760565 188.791619
100210 6340.828626 -9293.818289 204.683716
100211 6163.559413 -9296.368364 200.343065
100212 5975.019525 -9302.850741 196.145756
100213 5799.248515 -9306.511129 200.352578
100214 5611.763782 -9305.136564 203.848715
100215 5446.630950 -9306.465365 207.132241
100216 5326.761128 -9309.678687 206.683931
100217 5136.004601 -9317.620220 206.984262
100218 4952.332389 -9319.436139 200.226150
100219 4780.783581 -9316.144509 202.439382
100220 4547.611480 -9322.410883 201.000477
100221 4356.323132 -9333.233692 202.284865
100222 4233.239759 -9339.874751 184.131321
100223 4066.977252 -9345.827772 193.635784
100224 3880.943799 -9350.246439 198.353792
100225 3699.302118 -9355.198501 204.226743
100226 3520.927455 -9361.574627 192.998276
100227 3153.999580 -9371.209784 202.773552
100228 2969.589656 -9375.335834 199.654841
100229 2617.751933 -9389.814424 191.321195
100230 2423.082982 -9394.535583 204.864311
100231 1629.374104 -9425.640586 195.543844
100232 1515.809327 -9432.954233 193.799647
100233 1390.009386 -9439.336417 200.787938
100234 1158.452715 -9448.773197 195.518754
100235 914.438375 -9449.959156 201.000813
100236 739.208257 -9452.280036 193.450392
100237 503.245317 -9461.398684 202.292593
100238 363.142772 -9461.095887 196.471574
100239 186.853035 -9467.907393 200.338163
100240 58.714588 -9470.883324 196.486827
100241 -106.716925 -9473.819904 200.270455
100242 -787.744431 -9497.572133 198.203629
100243 -907.336361 -9503.113438 196.959607
100244 -1017.746851 -9510.478692 199.537960
100245 -1149.217129 -9518.655825 195.790303
100246 -1794.742223 -9532.000562 190.428847
100247 -2471.544429 -9568.020739 201.936050
100248 -2705.644846 -9580.518417 198.245290
100249 -2900.403362 -9588.460980 201.296645
100250 -3075.605685 -9595.603931 200.427852
100251 -3373.018784 -9602.958305 202.948222
100252 -3511.379863 -9607.741076 202.565461
100253 -3632.783651 -9219.345757 210.753807
100254 -3671.014354 -8321.002733 212.765844
100255 -3671.328765 -8151.137387 211.022605
100256 -3674.925121 -7993.105118 215.843412
100257 -3687.323129 -7632.058434 214.050008
100258 -3701.644179 -7230.951078 193.105081
100259 -3705.261213 -7042.120029 206.529612
100260 -3701.691945 -6865.391271 210.185257
100261 -3698.952890 -6734.326893 219.139871
100262 -3692.113595 -6391.388617 210.909409
100263 -3676.206113 -5740.819778 213.472827
100264 -3667.396736 -5557.127170 213.108328
100265 -3651.549716 -4787.480184 201.096194
100266 -3611.256813 -3926.018646 193.196658
100267 -3608.837350 -3625.134461 213.422368
100268 -3603.210883 -3453.541039 203.911310
100269 -3594.468083 -3287.077961 203.920817
100270 -3594.015453 -3125.337658 210.517048
100271 -3593.545345 -2926.646133 196.252811
100272 -3586.556368 -2748.809604 208.576119
100273 -3579.549606 -2574.790994 206.859539
100274 -3573.102876 -2446.562398 198.766171
100275 -3565.437957 -2272.453996 206.992711
100276 -3557.483117 -2097.308720 196.747344
100277 -3546.407279 -1979.405726 201.601440
100278 -3538.245945 -1809.256485 204.447719
100279 -3533.880485 -1686.796161 197.142405
100280 -3528.742508 -1506.076900 192.555230
100281 -3518.848472 -1326.576969 197.148053
100282 -3507.832527 -1165.156593 201.537794
100283 -3500.305482 -1044.837229 194.301625
100284 -3487.431118 -870.312596 195.073052
100285 -3478.220222 -689.598191 196.312356
100286 -3462.091216 -456.376578 195.811306
100287 -3453.086323 -338.671914 190.516260
100288 -3440.370710 -120.491106 197.030426
100289 -3421.877060 52.291580 201.294413
100290 -3419.503414 197.569325 143.458890
100291 -3487.518142 334.173414 199.048667
100292 -3559.644277 492.927420 185.061374
100293 -3586.643521 553.496249 4.560519
100294 -3506.095415 559.169365 202.432759
100295 -3327.378690 570.052775 196.605509
100296 -3158.645822 574.036523 197.543482
100297 -2979.756718 582.735953 196.172989
100298 -2795.941400 586.524386 193.574741
100299 -2619.992926 583.241517 195.017860
100300 -2439.960888 577.207117 202.673137
100301 -2332.596473 580.418977 197.828290
100302 -2143.924026 576.390599 194.337274
100303 -2017.977538 573.825679 206.578646
100304 -1834.457490 574.138397 197.398852
100305 -1706.763468 568.573097 197.097806
100306 -1526.943697 572.581803 208.556700
100307 -1404.748293 571.953349 197.776602
100308 -1215.088943 569.091548 203.690271
100309 -977.134810 566.351193 203.551240
100310 -785.965200 559.415504 201.318800
100311 -669.233201 557.589888 202.110901
100312 -483.732418 552.860812 204.852109
100313 -300.023765 549.053141 202.485316
100314 -130.666361 546.608813 199.476861
100315 46.731996 537.474239 206.982126
100316 233.883140 531.780378 199.829383
100317 408.039242 529.354270 197.241676
100318 587.088120 526.258950 202.451722
100319 775.433431 513.993403 197.740328
100320 943.836099 508.252929 204.476553
100321 1125.347887 505.229852 206.814766
100322 1314.530772 500.575429 204.377477
100323 1485.448858 487.589318 197.880622
100324 1747.200777 478.586857 202.203811
100325 1916.858041 473.664430 206.243953
100326 2105.940080 463.765978 207.692075
100327 2160.969942 462.125035 195.340225
100328 2347.891132 459.978301 195.528706
100329 2650.022002 446.987644 204.174242
100330 2826.780006 441.941593 203.886179
100331 2930.120215 472.656630 137.764742
100332 2965.053109 531.604802 0.912926
100333 2903.356477 535.221796 185.069416
100334 2732.353155 539.380147 186.119886
100335 2448.342731 544.137784 199.929001
100336 2268.900495 546.558915 197.707636
100337 2093.144691 553.311553 197.806427
100338 1962.357982 561.070793 197.233805
100339 1836.144177 554.747610 193.615085
100340 1664.460099 554.510380 199.994213
100341 1507.645257 555.020219 205.072648
100342 1307.718229 556.605712 200.447748
100343 1123.804330 563.468748 198.344436
100344 1008.882417 564.118354 202.550386
100345 892.276217 561.940397 199.467711
100346 708.258592 566.063952 199.435151
100347 467.678965 569.023569 195.556656
100348 410.739740 567.013422 203.463037
100349 112.806045 565.370326 203.217943
100350 -68.896993 570.035335 192.904892
100351 -259.686983 565.612298 196.831311
100352 -437.250346 570.259144 195.257417
100353 -611.516969 567.605034 197.259400
100354 -793.745321 560.413663 196.897099
100355 -975.261942 561.213378 200.525720
100356 -1154.882027 563.871026 199.729459
100357 -1326.362249 559.377837 201.882078
100358 -1512.804868 559.692662 201.991159
100359 -1696.468659 555.005397 202.441971
100360 -1880.156199 558.121589 198.958834
100361 -2059.978772 554.387700 198.762783
100362 -2246.819417 552.412844 198.659339
100363 -2433.739499 549.014191 205.868024
100364 -2616.974015 552.462995 205.836267
100365 -2810.899733 546.503213 200.520366
100366 -2982.116399 542.405487 207.716858
100367 -3036.198041 540.211668 196.670437
100368 -3289.593456 538.289476 194.361557
100369 -3516.704599 538.380860 37.585893
100370 -3555.964998 560.399360 0.813180
100371 -3554.095928 480.234215 177.177367
100372 -3555.786983 375.221458 175.199290
100373 -3557.927634 207.191958 188.929426
100374 -3560.290584 45.843663 193.167134
100375 -3564.853363 -128.855811 204.735904
100376 -3572.909644 -309.764783 208.600555
100377 -3579.063251 -478.455207 198.126972
100378 -3578.055006 -641.568073 194.858991
100379 -3582.412620 -831.957080 193.775311
100380 -3582.889123 -937.366953 193.959613
100381 -3588.445931 -1102.704224 195.271020
100382 -3588.370326 -1291.207321 197.349180
100383 -3591.640207 -1463.467237 189.509292
100384 -3590.969934 -1635.853086 192.698650
100385 -3588.347095 -1807.883382 197.666711
100386 -3581.915180 -1981.490922 195.489524
100387 -3583.224766 -2164.003470 193.451352
100388 -3583.753054 -2217.700747 202.640141
100389 -3582.619257 -2554.457264 203.046664
100390 -3575.838536 -2801.315899 198.106792
100391 -3574.691190 -2973.013397 194.734541
100392 -3570.639817 -3147.250171 192.936862
100393 -3562.764275 -3325.069972 199.161064
100394 -3558.097642 -3505.748346 196.647784
100395 -3552.392734 -3678.595790 199.393905
100396 -3546.938515 -3799.616253 196.704291
100397 -3539.866969 -3979.275455 195.908820
100398 -3530.402533 -4156.131086 194.576126
100399 -3526.834506 -4343.475745 193.064912
100400 -3518.672866 -4511.712337 199.505065
100401 -3508.303908 -4684.351002 192.911545
100402 -3496.313470 -4848.517093 194.429084
100403 -3492.398288 -5036.062627 202.529174
100404 -3483.870747 -5198.451236 190.361004
100405 -3477.177976 -5375.994892 188.299149
100406 -3467.801658 -5555.641056 192.216603
100407 -3457.535586 -5728.634078 186.799790
100408 -3452.592155 -5842.314826 208.474275
100409 -3433.823102 -6129.759580 205.481224
100410 -3422.613854 -6310.500758 196.633496
100411 -3409.176196 -6479.313635 191.971551
100412 -3398.431482 -6651.666667 188.028110
100413 -3386.379576 -6816.128147 195.948102
100414 -3369.173032 -7001.349957 198.665496
100415 -3359.172239 -7182.089977 197.169208
100416 -3344.769277 -7357.928479 191.775873
100417 -3332.114414 -7541.891828 190.269342
100418 -3313.960157 -7706.216933 189.425095
100419 -3300.005222 -7891.351514 193.906485
100420 -3281.941528 -8072.626360 191.980291
100421 -3261.750699 -8254.029873 195.413033
100422 -3246.456344 -8416.507246 195.532982
100423 -3229.915291 -8599.456377 193.076816
100424 -3214.240580 -8769.290954 193.673827
100425 -3205.403543 -8908.996096 118.150882
100426 -3321.637686 -9015.170523 195.137860
100427 -3447.309805 -9124.992292 205.690621
100428 -3551.475336 -9211.987322 192.832091
100429 -3580.495384 -9239.646810 1.930276
100430 -3434.647120 -9252.656465 200.465545
100431 -3280.105848 -9258.465120 193.650342
100432 -3088.514228 -9263.624076 189.824499
100433 -2916.266677 -9268.351060 202.190341
100434 -2729.785498 -9267.050006 199.339915
100435 -2553.161661 -9266.848001 198.813896
100436 -2369.306813 -9266.213796 200.539459
100437 -2181.483911 -9265.611677 188.147183
100438 -2004.160778 -9260.488284 197.031409
100439 -1810.737949 -9260.508154 199.708813
100440 -1634.823991 -9256.750159 200.533016
100441 -1454.265288 -9257.733254 199.760040
100442 -1284.517080 -9255.289846 196.115471
100443 -1096.157893 -9252.080031 192.653494
100444 -918.434484 -9256.103087 194.922374
100445 -738.196189 -9258.319955 193.252939
100446 -547.018836 -9255.279400 192.650367
100447 -370.208437 -9252.878505 194.700301
100448 -324.363083 -9252.981801 199.143132
100449 -65.110976 -9257.169536 196.359758
100450 181.603508 -9257.934339 192.613658
100451 358.104760 -9252.219828 198.721996
100452 533.834139 -9256.471637 197.407623
100453 718.703355 -9257.021192 195.082583
100454 907.361619 -9256.086862 190.007495
100455 1076.857742 -9261.114094 201.755599
100456 1264.374259 -9270.221924 194.432161
100457 1443.804159 -9275.543314 193.398375
100458 1637.948316 -9279.222851 195.840753
100459 1808.852590 -9277.767458 203.996503
100460 1984.203572 -9274.572533 206.783733
100461 2178.106800 -9275.647872 195.315306
100462 2346.506845 -9278.709560 201.936063
100463 2523.186799 -9283.838675 200.500701
100464 2707.755399 -9287.852596 199.340211
100465 2880.929844 -9286.506729 201.099173
100466 3072.565868 -9287.901482 200.355847
100467 3259.325862 -9288.562906 200.113970
100468 3374.887316 -9293.312968 201.062922
100469 3566.749119 -9296.010076 198.863232
100470 3797.722232 -9300.796417 209.250735
100471 3983.508929 -9305.312817 199.494471
100472 4161.633703 -9302.697054 199.083736
100473 4337.104262 -9303.987533 196.335925
100474 4475.800218 -9308.543814 201.109223
100475 4637.773381 -9309.268220 196.157654
100476 4826.627557 -9307.139981 193.473161
100477 5000.651421 -9310.316848 198.234721
100478 5177.737038 -9316.277332 199.334618
100479 5364.345450 -9319.947771 203.121721
100480 5557.139511 -9326.337074 200.373080
100481 5728.378776 -9333.665437 201.452967
100482 5906.539126 -9336.412195 205.912755
100483 6089.632499 -9338.018008 197.147190
100484 6279.580877 -9340.445773 205.129508
100485 6453.107231 -9338.944054 208.360652
100486 6634.217105 -9348.637796 211.162271
100487 6803.303834 -9347.467632 4.905935
100488 6805.376416 -9309.310994 5.739078
100489 6814.167746 -9212.622295 187.562280
100490 6821.492252 -8991.928584 196.724183
100491 6826.159573 -8832.164111 194.220529
100492 6827.938303 -8659.032779 202.917414
100493 6830.966149 -8493.287067 204.904433
100494 6836.514856 -8323.251384 201.528219
100495 6846.215028 -8157.483707 194.432989
100496 6851.762817 -7970.659419 199.172454
100497 6858.583006 -7802.045678 198.147620
100498 6858.951532 -7642.740080 195.083550
100499 6865.400852 -7458.746623 198.382481
100500 6876.764247 -7270.153605 201.117421
100501 6888.020072 -7099.645643 201.600591
100502 6896.512629 -6891.252023 195.548954
100503 6902.687505 -6694.018051 200.716969
100504 6911.997970 -6517.667819 201.624341
100505 6918.406103 -6354.136381 198.824822
100506 6922.928169 -6164.765803 200.301378
100507 6936.326210 -5936.675022 194.285570
100508 6938.404777 -5872.204273 197.852746
100509 6954.569122 -5515.539666 195.506785
100510 6966.433651 -5290.825916 198.823057
100511 6977.174521 -5114.941376 200.300628
100512 6988.250988 -4936.844961 201.002671
100513 6999.879489 -4770.504350 199.768148
100514 7008.410355 -4610.527859 62.728762
100515 6975.288431 -4521.409185 194.104747
100516 6918.961102 -4358.150835 183.672330
100517 6898.441613 -4286.010851 1.291398
100518 6899.556118 -4367.199245 153.033256
100519 6899.175719 -4521.015650 173.594980
100520 6897.845514 -4666.742003 202.400128
100521 6896.855863 -4828.745669 193.090533
100522 6896.089943 -5000.868126 188.651741
100523 6893.164702 -5170.575144 186.079592
100524 6892.087109 -5343.443474 195.127362
100525 6889.425039 -5530.957027 198.601620
100526 6882.042638 -5693.061667 196.501427
100527 6878.225345 -5811.162590 210.242476
100528 6881.494674 -6045.408550 197.477136
100529 6884.082371 -6232.199534 212.705548
100530 6890.500890 -6394.927226 197.696958
100531 6887.366321 -6582.644686 197.280943
100532 6890.653656 -6747.144657 204.591073
100533 6891.327171 -6925.267028 200.568081
100534 6896.337798 -7098.057477 197.166569
100535 6900.585398 -7270.037631 197.957388
100536 6907.508900 -7436.720526 196.450389
100537 6914.405627 -7614.882557 200.177655
100538 6924.845345 -7793.184805 199.110522
100539 6931.849351 -7967.319714 202.117482
100540 6933.157234 -8133.073276 194.871434
100541 6934.998430 -8317.478141 196.132910
100542 6936.830977 -8472.148083 197.188507
100543 6945.408683 -8668.692239 183.332481
100544 6950.511716 -8846.389470 193.512928
100545 6940.246352 -8988.951539 73.779594
100546 6886.114468 -9132.090633 194.181917
100547 6852.339573 -9231.394076 186.719846
100548 6846.460871 -9258.708999 145.615372
100549 6681.037255 -9280.984798 195.575914
100550 6509.324793 -9295.286012 193.546711
100551 6320.874491 -9304.751712 181.265036
100552 6137.970669 -9308.904650 203.341403
100553 5965.536442 -9316.667358 207.168422
100554 5779.282152 -9325.634698 196.239213
100555 5611.426337 -9324.963202 206.242082
100556 5427.097452 -9328.520285 199.327025
100557 5247.165156 -9329.599638 195.099642
100558 5065.361244 -9336.295130 205.543172
100559 4895.101404 -9331.821083 199.127121
100560 4723.813827 -9331.869529 192.922312
100561 4522.888826 -9342.743265 193.886580
100562 4338.944560 -9352.808913 198.075049
100563 4165.997232 -9359.091118 201.454771
100564 3978.576522 -9369.063106 202.898201
100565 3801.381474 -9377.113329 202.109751
100566 3623.469197 -9383.710063 204.255262
100567 3492.784674 -9391.553108 204.018117
100568 3433.270663 -9389.880858 200.230939
100569 3068.265305 -9401.642262 198.790341
100570 2897.238335 -9410.739070 206.692588
100571 2698.591168 -9418.125540 193.553356
100572 2546.207389 -9421.592998 198.976890
100573 2394.427840 -9430.494259 198.676576
100574 2219.780349 -9438.913599 201.406237
100575 2040.876188 -9448.036324 196.769402
100576 1868.459909 -9458.111416 200.010621
100577 1673.852906 -9465.599504 200.430040
100578 1492.763168 -9466.087419 200.007435
100579 1316.202037 -9478.594611 200.930049
100580 1134.290941 -9484.227274 199.571226
100581 956.757415 -9486.050546 199.384002
100582 771.025231 -9492.907037 197.045239
100583 599.532383 -9501.388314 194.830408
100584 420.905701 -9508.880004 197.829198
100585 238.366939 -9516.570812 199.472106
100586 58.971366 -9520.576463 199.854826
100587 -67.236823 -9524.703944 197.426320
100588 -247.767110 -9533.411661 200.012479
100589 -550.876804 -9548.111767 198.660073
100590 -736.710769 -9558.001242 193.966130
100591 -895.735689 -9567.178649 197.392874
100592 -1097.836318 -9579.528208 202.857173
100593 -1267.993852 -9587.689497 205.133197
100594 -1451.928179 -9597.918146 203.338812
100595 -1612.605108 -9604.998274 199.196587
100596 -1783.025073 -9614.154404 197.489645
100597 -1994.737782 -9626.386519 200.687626
100598 -2184.653709 -9636.425205 200.036513
100599 -2350.059886 -9645.576506 197.776815
100600 -2528.723259 -9657.461223 199.391056
100601 -2710.671625 -9668.221122 199.560807
100602 -2898.934049 -9678.695617 202.097687
100603 -3082.616098 -9683.895663 203.594951
100604 -3267.808784 -9693.822673 202.923133
100605 -3452.685330 -9705.364150 198.562907
100606 -3572.027550 -9572.913677 162.482776
100607 -3599.123700 -9476.717451 189.044820
100608 -3626.574842 -9349.086234 6.752078
100609 -3627.437813 -9264.882644 201.955367
100610 -3640.672092 -9069.682948 195.580963
100611 -3646.229354 -8895.969542 194.790219
100612 -3653.459128 -8724.997407 192.878255
100613 -3658.421724 -8558.986524 195.168354
100614 -3660.779315 -8376.531465 203.909663
100615 -3666.043365 -8204.525736 197.155663
100616 -3666.325176 -8029.909424 200.234482
100617 -3667.542928 -7851.671300 203.074046
100618 -3669.137406 -7724.698852 210.411409
100619 -3672.192805 -7562.886757 213.408783
100620 -3679.258505 -7384.803158 204.068131
100621 -3682.945141 -7205.821214 207.880814
100622 -3687.907702 -7031.154883 201.565523
100623 -3687.519599 -6913.208801 209.207064
100624 -3686.803982 -6730.404472 204.213377
100625 -3676.993627 -6553.908713 210.040457
100626 -3673.458295 -6325.849262 209.834446
100627 -3665.762890 -6138.010514 207.031794
100628 -3661.518314 -5906.105022 210.319108
100629 -3656.424114 -5786.328044 217.338751
100630 -3649.567450 -5618.348019 213.887229
100631 -3640.611783 -5428.527998 216.435656
100632 -3635.630250 -5258.178655 215.662120
100633 -3630.175404 -5081.770950 211.093778
100634 -3625.779273 -4907.833731 210.810597
100635 -3619.934662 -4725.199782 205.683509
100636 -3602.835698 -4552.839384 208.139738
100637 -3590.351308 -4383.621780 212.681223
100638 -3586.303607 -4211.477860 212.324768
100639 -3575.365608 -4046.979627 209.929573
100640 -3572.677139 -3879.837068 209.909753
100641 -3571.276942 -3681.716416 216.745189
100642 -3565.770754 -3513.655807 217.375775
100643 -3553.778142 -3322.531244 208.902256
100644 -3545.095884 -3151.047532 213.929870
100645 -3538.118356 -2979.492262 214.460573
100646 -3536.594311 -2868.856426 207.614615
100647 -3520.592313 -2623.999633 203.455145
100648 -3511.757152 -2447.198796 204.724576
100649 -3503.256872 -2274.488400 210.882052
100650 -3487.657358 -2095.237853 216.464275
100651 -3475.404068 -1918.300329 202.844148
100652 -3465.870314 -1752.254973 211.753568
100653 -3461.015375 -1563.469544 205.358656
100654 -3448.968954 -1389.136544 207.236808
100655 -3444.205794 -1203.002056 200.436375
100656 -3432.095209 -1049.868188 204.011673
100657 -3418.916602 -856.900011 194.824597
100658 -3406.040321 -675.888588 196.866601
100659 -3397.651079 -516.044780 200.567914
100660 -3383.334786 -362.993245 201.931987
100661 -3364.524762 -178.152588 209.385654
100662 -3350.627409 0.591203 201.476541
100663 -3336.492675 175.412249 62.013563
100664 -3401.325775 280.980751 191.578012
100665 -3496.060725 423.548554 206.364925
100666 -3560.180700 520.777204 185.049230
100667 -3581.296572 555.546195 11.257808
100668 -3366.151340 572.328097 209.152588
100669 -3192.895079 580.767167 188.239111
100670 -3016.308080 587.370383 194.974847
100671 -2834.457699 592.879683 198.055300
100672 -2652.792885 592.724499 190.359918
100673 -2470.177397 583.110654 199.013002
100674 -2300.655162 583.050169 199.791728
100675 -2118.934348 584.716944 200.465948
100676 -1927.014750 585.191279 199.888050
100677 -1747.488327 585.586808 206.566590
100678 -1568.158763 584.604194 195.344984
100679 -1393.039522 582.933512 213.355364
100680 -1205.226856 570.955634 199.838659
100681 -1017.448902 567.320512 200.522148
100682 -842.720671 565.687231 208.636404
100683 -655.583427 559.862959 206.250932
100684 -451.167765 559.736262 201.870590
100685 -290.679370 557.164614 201.060449
100686 -221.931374 559.716014 199.164640
100687 -46.854810 551.040716 199.791225
100688 252.729929 538.058001 196.739289
100689 429.232514 531.996784 203.666590
100690 616.687892 529.925937 200.434773
100691 797.628786 521.535425 200.678552
100692 988.157483 518.441400 198.674449
100693 1168.424992 510.182207 203.048564
100694 1349.732096 499.433139 197.846782
100695 1522.424214 498.357021 202.154411
100696 1698.278273 490.747836 200.162565
100697 1890.951639 482.876893 199.065745
100698 2057.334685 473.819885 199.658508
100699 2184.407307 472.230955 198.059833
100700 2380.662813 464.657511 192.923444
100701 2552.536871 457.175594 196.425258
100702 2712.800228 449.510797 200.453861
100703 2897.371173 442.739765 46.690230
100704 2955.972431 515.978395 86.425234
100705 2960.519315 522.364387 0.898175
100706 2827.627262 526.374861 194.860346
100707 2600.325318 535.183759 187.935105
100708 2359.165869 539.063320 194.885442
100709 2188.923679 543.702521 196.281603
100710 2007.581053 544.440078 197.283820
100711 1828.399485 545.626053 196.368266
100712 1660.630985 542.906324 198.001766
100713 1480.335552 548.845707 200.406828
100714 1302.693868 548.579315 203.341031
100715 1110.793100 549.926132 202.128214
100716 985.504961 548.451338 194.091843
100717 799.475429 544.718367 202.520234
100718 687.220071 548.384014 206.304026
100719 497.385879 547.884176 199.553878
100720 324.972253 543.875946 202.182849
100721 214.033052 545.082375 204.932248
100722 22.311515 550.722852 197.171618
100723 -149.666203 554.757476 203.476812
100724 -336.850572 551.491669 199.867773
100725 -532.162744 553.087453 210.321052
100726 -745.209390 549.482953 193.543589
100727 -936.559811 547.521718 196.049887
100728 -1115.589764 548.877575 195.633246
100729 -1306.937154 549.444909 198.521990
100730 -1491.638625 546.845988 201.962358
100731 -1658.154365 546.538092 196.582657
100732 -1850.907978 543.258878 200.564298
100733 -2020.188936 546.263147 200.894744
100734 -2214.352055 544.483427 200.093275
100735 -2387.647646 539.448521 203.540051
100736 -2580.231043 539.070058 202.014388
100737 -2774.603328 531.292120 195.066958
100738 -2954.077132 531.260640 197.147206
100739 -3131.758463 532.182703 195.297657
100740 -3308.883013 523.712333 201.613655
100741 -3492.226762 518.511179 113.120137
100742 -3549.387960 540.791533 3.281493
100743 -3550.194825 477.208586 180.696695
100744 -3552.862171 327.507279 192.169766
100745 -3555.315992 152.655258 192.466219
100746 -3554.905654 99.383005 188.632031
100747 -3560.048893 -119.230898 196.708240
100748 -3562.094459 -304.427318 197.811965
100749 -3565.531328 -476.294654 198.193609
100750 -3565.007486 -598.543982 203.194268
100751 -3565.904442 -764.759349 201.615854
100752 -3564.078737 -945.621196 193.593135
100753 -3561.572496 -1171.863402 196.919039
100754 -3556.943439 -1335.606213 197.662633
100755 -3556.761977 -1504.739061 197.827611
100756 -3557.423327 -1692.311943 201.645052
100757 -3545.163709 -1869.329309 202.682106
100758 -3540.828165 -2034.255956 198.250489
100759 -3530.100456 -2218.841268 205.845024
100760 -3526.243316 -2337.657670 198.431511
100761 -3523.266690 -2495.888488 201.437263
100762 -3513.900427 -2680.926680 203.074810
100763 -3510.922902 -2847.950766 203.542451
100764 -3503.679126 -3029.369355 206.565029
100765 -3497.715451 -3210.682199 192.490156
100766 -3491.839775 -3328.675325 206.703310
100767 -3479.834144 -3564.609189 202.349956
100768 -3473.203527 -3740.319477 204.813116
100769 -3466.641991 -3911.986083 200.647629
100770 -3456.045220 -4044.114516 201.999572
100771 -3447.070657 -4199.152670 201.516555
100772 -3431.650708 -4389.102114 195.707695
100773 -3421.623544 -4566.711791 203.225035
100774 -3412.536218 -4733.998351 196.382730
100775 -3408.130374 -4840.766433 197.541778
100776 -3402.249878 -5031.217880 197.046684
100777 -3391.493908 -5199.086312 196.199957
100778 -3381.103921 -5323.583735 198.983191
100779 -3373.594646 -5482.981647 200.484602
100780 -3365.348098 -5663.465558 198.735938
100781 -3359.315014 -5769.632737 200.361780
100782 -3342.044112 -5948.294968 202.067525
100783 -3330.949852 -6056.316492 201.220107
100784 -3319.860683 -6191.519459 196.875809
100785 -3312.602743 -6361.282751 215.408668
100786 -3296.236173 -6525.890411 202.781627
100787 -3279.813000 -6699.481273 197.017049
100788 -3275.062749 -6803.228025 210.823417
100789 -3244.725940 -6992.937401 205.331992
100790 -3222.648652 -7180.610897 208.092794
100791 -3209.052065 -7361.774685 198.712806
100792 -3197.682386 -7525.400777 201.915880
100793 -3190.382245 -7645.579494 202.656683
100794 -3174.095083 -7829.983510 203.729752
100795 -3160.115156 -7996.362808 198.705050
100796 -3139.962739 -8173.475108 199.172981
100797 -3125.349652 -8299.864487 198.888063
100798 -3113.445362 -8464.581250 207.348974
100799 -3088.955723 -8645.745074 216.205413
100800 -3073.241523 -8828.974076 205.381474
100801 -3087.383178 -8936.903858 152.084577
100802 -3228.694692 -9031.410758 199.304590
100803 -3331.468425 -9098.370764 204.538473
100804 -3479.701235 -9185.966781 202.916942
100805 -3593.240763 -9260.010939 1.286564
100806 -3523.288302 -9263.509528 193.260662
100807 -3413.615803 -9267.085340 199.993071
100808 -3242.575822 -9271.542034 199.866813
100809 -3123.325162 -9274.168092 193.611965
100810 -2878.766011 -9282.840376 195.791007
100811 -2633.372318 -9287.156896 203.862957
100812 -2463.428887 -9288.605181 207.856456
100813 -2276.746677 -9286.579020 201.319482
100814 -2098.787526 -9285.854702 199.386672
100815 -1972.237089 -9281.419647 205.524620
100816 -1791.078289 -9280.723877 207.259894
100817 -1608.190773 -9285.482559 202.559406
100818 -1484.394513 -9286.847696 194.323018
100819 -1301.465142 -9286.837754 195.209253
100820 -1127.991229 -9283.618968 203.502386
100821 -952.169062 -9288.064186 200.694090
100822 -756.385522 -9285.624469 203.028769
100823 -582.290426 -9286.903645 204.043407
100824 -466.891460 -9286.612071 203.701795
100825 -337.163104 -9289.954934 204.013892
100826 -214.261510 -9295.507994 203.814598
100827 -34.045917 -9294.637020 201.844609
100828 143.903128 -9294.803291 202.048206
100829 321.128196 -9295.354696 206.990000
100830 514.369628 -9297.232190 202.321231
100831 754.437196 -9299.459688 201.217205
100832 937.590848 -9303.713364 202.299231
100833 1168.502527 -9312.726887 202.099517
100834 1302.580420 -9311.558716 200.391484
100835 1478.497668 -9318.472525 197.666585
100836 1661.405521 -9310.332961 204.182115
100837 1842.230707 -9312.973513 200.178652
100838 2019.559620 -9315.766377 197.170785
100839 2143.268077 -9321.922848 195.127790
100840 2320.932451 -9329.480487 196.524648
100841 2502.208942 -9333.332795 201.563296
100842 2633.111133 -9336.768967 190.277670
100843 2803.116948 -9334.452646 197.022730
100844 2920.045691 -9334.390032 190.991932
100845 3043.867662 -9338.156916 194.822414
100846 3162.343402 -9341.577532 199.426172
100847 3276.922269 -9345.802575 202.575038
100848 3410.813688 -9351.971493 204.232960
100849 3593.015920 -9356.903329 203.258169
100850 3763.305499 -9359.217882 200.240945
100851 3944.208420 -9367.085600 203.906828
100852 4118.267723 -9374.658128 204.829137
100853 4198.064285 -9377.479093 197.513707
100854 4547.184826 -9387.794109 212.269237
100855 4669.192624 -9388.625957 198.268398
100856 4843.336224 -9384.843973 207.433317
100857 4959.315006 -9389.827863 203.964372
100858 5099.396183 -9395.033130 201.234912
100859 5273.809008 -9403.383934 197.902091
100860 5464.334706 -9407.700120 195.676403
100861 5638.877104 -9410.633019 196.810249
100862 5762.121244 -9415.865763 198.793391
100863 5880.864176 -9420.398458 199.016873
100864 6062.649667 -9423.920379 193.853281
100865 6239.417841 -9425.551989 197.503202
100866 6421.882689 -9432.232573 198.145626
100867 6606.443499 -9442.823587 197.035525
100868 6789.125227 -9448.668130 114.307878
100869 6815.322317 -9409.776573 121.513140
100870 6832.793899 -9363.485245 0.876744
100871 6832.003024 -9321.597632 178.025472
100872 6836.259181 -9165.793742 185.061424
100873 6837.390258 -8996.403435 197.131850
100874 6836.569371 -8886.095186 186.728012
100875 6834.840462 -8665.488661 192.793110
100876 6841.948145 -8428.307319 197.603794
100877 6844.608774 -8303.957370 198.513980
100878 6847.587213 -8144.439602 215.277183
100879 6847.969432 -7966.949407 204.502618
100880 6849.998595 -7787.356626 210.195907
100881 6857.358565 -7606.101831 208.136241
100882 6862.506394 -7431.159591 206.799871
100883 6864.024871 -7305.319014 205.813705
100884 6869.582525 -7129.874565 206.482429
100885 6872.494809 -6960.840250 200.429848
100886 6878.333235 -6787.114473 211.362892
100887 6878.240435 -6629.864627 203.106548
100888 6880.767445 -6437.674370 194.900523
100889 6888.453285 -5531.133749 201.462355
100890 6926.740682 -4705.781830 193.594295
100891 6922.607585 -4567.926210 163.660130
100892 6907.469757 -4405.331967 191.919432
100893 6894.035408 -4294.067920 38.003624
100894 6894.278373 -4292.765508 123.355664
100895 6892.475277 -4425.936248 160.119534
100896 6888.357076 -4582.792299 186.494390
100897 6886.867383 -4738.472103 195.368324
100898 6883.187801 -4906.603476 194.832574
100899 6878.635052 -5068.962596 177.541391
100900 6875.343279 -5247.650283 194.146122
100901 6870.962883 -5426.423326 196.417476
100902 6868.040949 -5604.841441 187.452456
100903 6860.379416 -5777.970278 198.101254
100904 6861.145263 -5952.354832 202.562426
100905 6866.002151 -6129.260889 206.910783
100906 6867.009941 -6308.172123 195.553304
100907 6871.104123 -6416.173856 195.041703
100908 6870.493129 -6535.912599 194.131830
100909 6873.223782 -6769.859787 201.772216
100910 6874.817774 -6937.608087 196.350669
100911 6875.887077 -7120.357451 200.505961
100912 6876.117450 -7284.930728 199.422821
100913 6884.357484 -7465.757623 191.685387
100914 6890.965722 -7644.035189 199.953918
100915 6896.845597 -7764.096989 200.668355
100916 6901.427561 -7933.153255 197.807909
100917 6909.226695 -8102.149866 200.122784
100918 6907.104352 -8288.402168 196.717176
100919 6906.427078 -8405.496901 201.763025
100920 6910.398277 -8524.046782 200.756092
100921 6913.108277 -8682.639003 188.466814
100922 6916.532486 -8803.812242 201.937309
100923 6916.524532 -8975.323921 61.838459
100924 6885.726350 -9094.195739 186.818129
100925 6845.719070 -9251.453014 35.209862
100926 6810.193746 -9260.242648 208.961116
100927 6640.558837 -9275.715222 186.044664
100928 6523.503358 -9282.167092 186.422804
100929 6335.268161 -9286.986957 200.255421
100930 6041.727734 -9295.363308 199.894281
100931 5859.770863 -9296.209593 193.370552
100932 5680.059603 -9292.799253 197.129639
100933 5499.998928 -9288.944634 197.109390
100934 5323.976233 -9295.929268 201.162126
100935 5130.440220 -9296.762386 197.828581
100936 4962.568019 -9298.790462 193.403476
100937 4777.031437 -9299.028008 196.863244
100938 4595.120606 -9304.960124 196.248091
100939 4421.434510 -9312.911679 205.119190
100940 4232.202901 -9323.720437 188.860923
100941 4060.752771 -9325.892449 196.761004
100942 3883.663549 -9331.543980 189.873918
100943 3704.868317 -9335.409840 197.807149
100944 3532.241916 -9341.591422 190.702107
100945 3352.486718 -9352.254297 191.300727
100946 3152.544980 -9357.461236 190.906233
100947 3019.892157 -9366.336047 195.412694
100948 2905.835813 -9370.244503 201.771896
100949 2541.914924 -9385.106176 200.085279
100950 2364.995988 -9393.062214 206.288369
100951 2193.244772 -9399.473794 195.189725
100952 1990.758434 -9410.742501 199.686206
100953 1812.668177 -9414.790783 196.158029
100954 1642.874742 -9415.827261 199.107430
100955 1458.318502 -9422.467182 207.001949
100956 1270.118244 -9427.076305 202.518741
100957 1105.684718 -9432.973429 199.528088
100958 915.035628 -9432.270015 198.193903
100959 796.062438 -9434.584838 197.721805
100960 609.718331 -9441.138639 194.017297
100961 432.595383 -9447.088212 197.845414
100962 248.838712 -9452.260866 196.656948
100963 75.683253 -9457.019981 194.686834
100964 -95.997512 -9457.185550 192.455967
100965 -232.472647 -9461.493139 201.231504
100966 -415.722416 -9470.785815 200.177693
100967 -543.414599 -9475.022508 202.771665
100968 -720.779204 -9480.781541 199.552936
100969 -839.270190 -9484.546722 203.814837
100970 -899.481883 -9488.045294 209.852937
100971 -1197.286626 -9493.672075 193.301610
100972 -1379.832633 -9499.725520 194.910462
100973 -1495.999672 -9510.657358 177.764703
100974 -1678.413305 -9516.556845 203.245502
100975 -1851.217346 -9525.050184 198.871547
100976 -2037.487887 -9533.304078 197.345125
100977 -2225.283251 -9538.912244 195.761429
100978 -2408.214942 -9545.554711 201.768021
100979 -2583.704609 -9548.738959 202.157956
100980 -2764.508269 -9556.921860 201.757789
100981 -2951.029863 -9564.538808 202.599685
100982 -3128.357435 -9569.459659 199.669767
100983 -3319.624757 -9575.031057 198.052449
100984 -3441.064634 -9579.739623 203.036374
100985 -3554.548794 -9561.908367 139.761765
100986 -3607.301486 -9413.573369 174.331501
100987 -3626.136218 -9353.542415 1.241190
100988 -3628.528844 -9256.794358 197.734840
100989 -3642.768510 -9028.240669 206.589319
100990 -3648.514396 -8904.713113 198.103229
100991 -3659.821243 -8622.487791 208.333723
100992 -3660.588906 -8439.765508 195.076119
100993 -3663.740213 -8273.500878 194.030652
100994 -3667.560491 -8093.757495 202.482521
100995 -3670.834945 -7919.136028 199.002185
100996 -3675.989171 -7753.210472 195.491677
100997 -3682.054357 -7574.681382 197.083714
100998 -3691.111802 -7392.940945 191.973145
100999 -3698.918949 -7214.527038 197.273498
101000 -3704.601754 -7027.784338 195.840281
101001 -3707.892062 -6853.663780 192.056249
101002 -3701.913638 -6683.458686 194.060530
101003 -3700.503635 -6501.916721 195.653599
101004 -3693.917247 -6328.653140 189.632829
101005 -3689.805851 -6146.062990 197.195112
101006 -3687.913747 -5974.708053 193.889324
101007 -3678.875040 -5798.829528 193.595292
101008 -3673.101312 -5626.980642 195.947519
101009 -3673.762105 -5558.611913 200.946901
101010 -3673.114648 -5325.919194 198.470188
101011 -3666.257085 -5080.353792 193.984671
101012 -3663.863145 -4909.420514 194.913850
101013 -3658.211615 -4739.700143 194.822760
101014 -3653.990608 -4572.789898 192.956707
101015 -3645.688684 -4393.483861 185.357600
101016 -3640.107322 -4268.220314 189.053763
101017 -3626.573357 -4096.038780 191.828611
101018 -3625.931241 -3922.609408 191.727072
101019 -3623.015807 -3742.845346 189.050344
101020 -3621.649480 -3628.393266 192.889628
101021 -3615.492182 -3449.749700 192.247601
101022 -3608.630427 -3278.761396 196.067493
101023 -3603.947932 -3099.478111 197.163208
101024 -3597.018527 -2928.336419 196.476548
101025 -3590.555255 -2756.039912 209.177889
101026 -3584.855851 -2629.904919 195.345075
101027 -3580.303121 -2458.676491 197.865302
101028 -3576.582020 -2356.891124 199.650697
101029 -3567.913411 -2189.323155 184.201363
101030 -3552.780249 -1987.998501 211.572080
101031 -3548.330838 -1923.634548 194.995001
101032 -3538.435793 -1640.568760 196.350215
101033 -3532.883550 -1509.437640 202.842364
101034 -3532.095065 -1334.292743 194.889460
101035 -3519.215955 -1154.311906 195.290073
101036 -3508.706492 -1043.198449 196.938538
101037 -3491.696277 -867.596395 197.157317
101038 -3481.252105 -698.139108 194.239066
101039 -3468.568578 -523.482169 197.961004
101040 -3459.258367 -350.613104 192.852286
101041 -3445.418010 -186.492697 199.612766
101042 -3429.755866 -2.964769 198.421891
101043 -3414.523264 165.782164 47.331321
101044 -3465.687656 279.294825 197.466212
101045 -3556.940343 480.502918 193.456405
101046 -3588.699585 560.973922 4.386331
101047 -3537.244097 565.160408 187.968941
101048 -3357.058780 580.093541 197.471673
101049 -3185.341605 584.545706 193.963489
101050 -3062.431187 589.257869 199.389014
101051 -2944.351093 592.082960 198.557015
101052 -2766.542797 596.521726 200.563077
101053 -2525.232357 592.974369 198.828333
101054 -2390.447460 590.549960 203.939443
101055 -2226.093425 587.134836 204.020306
101056 -2053.027748 590.110209 197.320594
101057 -1850.997354 588.803504 200.688495
101058 -1675.142436 583.687804 203.924519
101059 -1502.227113 582.542622 206.794793
101060 -1310.517119 582.187861 203.006603
101061 -1122.312768 579.879357 202.335760
101062 -145.268060 552.922488 201.474679
101063 24.553995 550.305701 198.429586
101064 213.430594 541.343473 200.856884
101065 391.325874 541.614540 200.815074
101066 568.234642 531.532498 190.210040
101067 682.077936 527.278416 196.278075
101068 927.959000 528.874143 194.107260
101069 1110.276981 527.802810 200.310642
101070 1298.916514 523.538154 198.895887
101071 1472.466730 514.022221 195.509817
101072 1653.205303 508.151656 202.620167
101073 1846.696903 503.815628 196.758896
101074 2016.946892 495.342959 199.899543
101075 2142.232170 488.611671 204.449612
101076 2329.065566 490.064935 198.494756
101077 2499.134552 483.638035 203.253026
101078 2627.402577 477.203807 201.926217
101079 2798.949391 472.220652 198.807041
101080 2923.698424 487.046000 111.974113
101081 2949.092952 524.593519 0.501746
101082 2949.092952 524.593519 0.268336
101083 2949.092952 524.593519 0.000000
