1 0.65328148 0.65328148 -0.27059805 0.27059805 1.41421356 1.50000000 -4.66690476 1 pos_X2.3_Y4.3_Z1.5_Yaw45.png
2 0.65328148 0.65328148 0.27059805 -0.27059805 -4.66690476 1.50000000 -1.41421356 1 pos_X2.3_Y4.3_Z1.5_Yaw135.png
3 -0.27059805 -0.27059805 -0.65328148 0.65328148 -1.41421356 1.50000000 4.66690476 1 pos_X2.3_Y4.3_Z1.5_Yaw225.png
4 0.27059805 0.27059805 -0.65328148 0.65328148 4.66690476 1.50000000 1.41421356 1 pos_X2.3_Y4.3_Z1.5_Yaw315.png
5 0.65328148 0.65328148 -0.27059805 0.27059805 -2.12132034 1.50000000 -2.54558441 1 pos_X3.3_Y0.3_Z1.5_Yaw45.png
6 0.65328148 0.65328148 0.27059805 -0.27059805 -2.54558441 1.50000000 2.12132034 1 pos_X3.3_Y0.3_Z1.5_Yaw135.png
7 -0.27059805 -0.27059805 -0.65328148 0.65328148 2.12132034 1.50000000 2.54558441 1 pos_X3.3_Y0.3_Z1.5_Yaw225.png
8 0.27059805 0.27059805 -0.65328148 0.65328148 2.54558441 1.50000000 -2.12132034 1 pos_X3.3_Y0.3_Z1.5_Yaw315.png
9 0.65328148 0.65328148 -0.27059805 0.27059805 1.41421356 0.50000000 -2.54558441 1 pos_X0.8_Y2.8_Z0.5_Yaw45.png
10 0.65328148 0.65328148 0.27059805 -0.27059805 -2.54558441 0.50000000 -1.41421356 1 pos_X0.8_Y2.8_Z0.5_Yaw135.png
11 -0.27059805 -0.27059805 -0.65328148 0.65328148 -1.41421356 0.50000000 2.54558441 1 pos_X0.8_Y2.8_Z0.5_Yaw225.png
12 0.27059805 0.27059805 -0.65328148 0.65328148 2.54558441 0.50000000 1.41421356 1 pos_X0.8_Y2.8_Z0.5_Yaw315.png
13 0.65328148 0.65328148 -0.27059805 0.27059805 -1.41421356 0.50000000 -4.66690476 1 pos_X4.3_Y2.3_Z0.5_Yaw45.png
14 0.65328148 0.65328148 0.27059805 -0.27059805 -4.66690476 0.50000000 1.41421356 1 pos_X4.3_Y2.3_Z0.5_Yaw135.png
15 -0.27059805 -0.27059805 -0.65328148 0.65328148 1.41421356 0.50000000 4.66690476 1 pos_X4.3_Y2.3_Z0.5_Yaw225.png
16 0.27059805 0.27059805 -0.65328148 0.65328148 4.66690476 0.50000000 -1.41421356 1 pos_X4.3_Y2.3_Z0.5_Yaw315.png
17 0.65328148 0.65328148 -0.27059805 0.27059805 2.12132034 1.00000000 -2.54558441 1 pos_X0.3_Y3.3_Z1.0_Yaw45.png
18 0.65328148 0.65328148 0.27059805 -0.27059805 -2.54558441 1.00000000 -2.12132034 1 pos_X0.3_Y3.3_Z1.0_Yaw135.png
19 -0.27059805 -0.27059805 -0.65328148 0.65328148 -2.12132034 1.00000000 2.54558441 1 pos_X0.3_Y3.3_Z1.0_Yaw225.png
20 0.27059805 0.27059805 -0.65328148 0.65328148 2.54558441 1.00000000 2.12132034 1 pos_X0.3_Y3.3_Z1.0_Yaw315.png
