1 -0.5000000000000001 -0.5 0.4999999999999999 -0.5 0.29999999999999993 1.2 -0.3000000000000003 1 00001.png

2 -0.6830127018922194 -0.6830127018922192 -0.1830127018922193 0.18301270189221935 -0.40980762113533153 1.2 -0.1098076211353319 1 00002.png

3 -0.1830127018922194 -0.18301270189221935 -0.6830127018922192 0.6830127018922194 0.10980762113533146 1.2 0.4098076211353312 1 00003.png

4 -0.5000000000000001 -0.5 0.4999999999999999 -0.5 1.0333333333333334 1.2 -0.3000000000000005 1 00004.png

5 -0.6830127018922194 -0.6830127018922192 -0.1830127018922193 0.18301270189221935 -0.7764742878019983 1.1999999999999997 -0.7448929172439203 1 00005.png

6 -0.1830127018922194 -0.18301270189221935 -0.6830127018922192 0.6830127018922194 -0.25685904553133543 1.2000000000000002 1.0448929172439196 1 00006.png

7 -0.5000000000000001 -0.5 0.4999999999999999 -0.5 1.7666666666666668 1.2 -0.30000000000000066 1 00007.png

8 -0.6830127018922194 -0.6830127018922192 -0.1830127018922193 0.18301270189221935 -1.143140954468665 1.1999999999999995 -1.3799782133525087 1 00008.png

9 -0.1830127018922194 -0.18301270189221935 -0.6830127018922192 0.6830127018922194 -0.6235257121980023 1.2000000000000004 1.679978213352508 1 00009.png

10 -0.5000000000000001 -0.5 0.4999999999999999 -0.5 2.5 1.2 -0.3000000000000008 1 00010.png

11 -0.6830127018922194 -0.6830127018922192 -0.1830127018922193 0.18301270189221935 -1.5098076211353315 1.1999999999999993 -2.015063509461097 1 00011.png

12 -0.1830127018922194 -0.18301270189221935 -0.6830127018922192 0.6830127018922194 -0.9901923788646689 1.2000000000000006 2.315063509461096 1 00012.png

13 -0.5000000000000001 -0.5 0.4999999999999999 -0.5 3.2333333333333334 1.2 -0.300000000000001 1 00013.png

14 -0.6830127018922194 -0.6830127018922192 -0.1830127018922193 0.18301270189221935 -1.8764742878019982 1.199999999999999 -2.6501488055696854 1 00014.png

15 -0.1830127018922194 -0.18301270189221935 -0.6830127018922192 0.6830127018922194 -1.3568590455313359 1.2000000000000008 2.9501488055696843 1 00015.png

16 -0.5000000000000001 -0.5 0.4999999999999999 -0.5 3.966666666666667 1.2 -0.30000000000000115 1 00016.png

17 -0.6830127018922194 -0.6830127018922192 -0.1830127018922193 0.18301270189221935 -2.243140954468665 1.1999999999999988 -3.285234101678274 1 00017.png

18 -0.1830127018922194 -0.18301270189221935 -0.6830127018922192 0.6830127018922194 -1.7235257121980028 1.200000000000001 3.5852341016782727 1 00018.png

19 -0.5000000000000001 -0.5 0.4999999999999999 -0.5 4.7 1.2 -0.3000000000000013 1 00019.png

20 -0.6830127018922194 -0.6830127018922192 -0.1830127018922193 0.18301270189221935 -2.6098076211353316 1.1999999999999986 -3.9203193977868622 1 00020.png

21 -0.1830127018922194 -0.18301270189221935 -0.6830127018922192 0.6830127018922194 -2.0901923788646695 1.200000000000001 4.220319397786861 1 00021.png

22 -0.5000000000000001 -0.5 0.4999999999999999 -0.5 0.29999999999999977 1.1999999999999997 -1.0111111111111113 1 00022.png

23 -0.6830127018922194 -0.6830127018922192 -0.1830127018922193 0.18301270189221935 -1.0256479082709322 1.2000000000000002 0.24574793442022363 1 00023.png

24 -0.1830127018922194 -0.18301270189221935 -0.6830127018922192 0.6830127018922194 0.7256479082709322 1.2000000000000002 0.7653631766908868 1 00024.png

25 -0.5000000000000001 -0.5 0.4999999999999999 -0.5 1.0333333333333332 1.1999999999999997 -1.0111111111111115 1 00025.png

26 -0.6830127018922194 -0.6830127018922192 -0.1830127018922193 0.18301270189221935 -1.3923145749375991 1.2 -0.38933736168836475 1 00026.png

27 -0.1830127018922194 -0.18301270189221935 -0.6830127018922192 0.6830127018922194 0.35898124160426526 1.2000000000000004 1.4004484727994753 1 00027.png

28 -0.5000000000000001 -0.5 0.4999999999999999 -0.5 1.7666666666666666 1.1999999999999997 -1.0111111111111117 1 00028.png

29 -0.6830127018922194 -0.6830127018922192 -0.1830127018922193 0.18301270189221935 -1.7589812416042658 1.1999999999999997 -1.0244226577969533 1 00029.png

30 -0.1830127018922194 -0.18301270189221935 -0.6830127018922192 0.6830127018922194 -0.007685425062401663 1.2000000000000006 2.0355337689080635 1 00030.png

31 -0.5000000000000001 -0.5 0.4999999999999999 -0.5 2.4999999999999996 1.1999999999999997 -1.011111111111112 1 00031.png

32 -0.6830127018922194 -0.6830127018922192 -0.1830127018922193 0.18301270189221935 -2.125647908270932 1.1999999999999995 -1.6595079539055413 1 00032.png

33 -0.1830127018922194 -0.18301270189221935 -0.6830127018922192 0.6830127018922194 -0.37435209172906825 1.2000000000000008 2.670619065016652 1 00033.png

34 -0.5000000000000001 -0.5 0.4999999999999999 -0.5 3.233333333333333 1.1999999999999997 -1.011111111111112 1 00034.png

35 -0.6830127018922194 -0.6830127018922192 -0.1830127018922193 0.18301270189221935 -2.4923145749375992 1.1999999999999993 -2.2945932500141297 1 00035.png

36 -0.1830127018922194 -0.18301270189221935 -0.6830127018922192 0.6830127018922194 -0.7410187583957352 1.200000000000001 3.3057043611252404 1 00036.png

37 -0.5000000000000001 -0.5 0.4999999999999999 -0.5 3.9666666666666663 1.1999999999999997 -1.0111111111111122 1 00037.png

38 -0.6830127018922194 -0.6830127018922192 -0.1830127018922193 0.18301270189221935 -2.8589812416042655 1.199999999999999 -2.929678546122718 1 00038.png

39 -0.1830127018922194 -0.18301270189221935 -0.6830127018922192 0.6830127018922194 -1.1076854250624022 1.2000000000000013 3.940789657233829 1 00039.png

40 -0.5000000000000001 -0.5 0.4999999999999999 -0.5 4.7 1.1999999999999997 -1.0111111111111124 1 00040.png

41 -0.6830127018922194 -0.6830127018922192 -0.1830127018922193 0.18301270189221935 -3.2256479082709326 1.1999999999999988 -3.5647638422313066 1 00041.png

42 -0.1830127018922194 -0.18301270189221935 -0.6830127018922192 0.6830127018922194 -1.474352091729069 1.2000000000000013 4.575874953342417 1 00042.png

43 -0.5000000000000001 -0.5 0.4999999999999999 -0.5 0.2999999999999996 1.1999999999999995 -1.7222222222222225 1 00043.png

44 -0.6830127018922194 -0.6830127018922192 -0.1830127018922193 0.18301270189221935 -1.6414881954065332 1.2000000000000002 0.6013034899757792 1 00044.png

45 -0.1830127018922194 -0.18301270189221935 -0.6830127018922192 0.6830127018922194 1.341488195406533 1.2000000000000002 1.1209187322464427 1 00045.png

46 -0.5000000000000001 -0.5 0.4999999999999999 -0.5 1.033333333333333 1.1999999999999995 -1.7222222222222228 1 00046.png

47 -0.6830127018922194 -0.6830127018922192 -0.1830127018922193 0.18301270189221935 -2.0081548620732 1.2 -0.03378180613280912 1 00047.png

48 -0.1830127018922194 -0.18301270189221935 -0.6830127018922192 0.6830127018922194 0.9748215287398662 1.2000000000000004 1.756004028355031 1 00048.png

49 -0.5000000000000001 -0.5 0.4999999999999999 -0.5 1.7666666666666664 1.1999999999999995 -1.722222222222223 1 00049.png

50 -0.6830127018922194 -0.6830127018922192 -0.1830127018922193 0.18301270189221935 -2.374821528739867 1.1999999999999997 -0.6688671022413976 1 00050.png

51 -0.1830127018922194 -0.18301270189221935 -0.6830127018922192 0.6830127018922194 0.6081548620731992 1.2000000000000006 2.3910893244636195 1 00051.png

52 -0.5000000000000001 -0.5 0.4999999999999999 -0.5 2.4999999999999996 1.1999999999999995 -1.7222222222222232 1 00052.png

53 -0.6830127018922194 -0.6830127018922192 -0.1830127018922193 0.18301270189221935 -2.741488195406533 1.1999999999999995 -1.3039523983499857 1 00053.png

54 -0.1830127018922194 -0.18301270189221935 -0.6830127018922192 0.6830127018922194 0.24148819540653266 1.2000000000000008 3.0261746205722075 1 00054.png

55 -0.5000000000000001 -0.5 0.4999999999999999 -0.5 3.233333333333333 1.1999999999999995 -1.7222222222222232 1 00055.png

56 -0.6830127018922194 -0.6830127018922192 -0.1830127018922193 0.18301270189221935 -3.1081548620732002 1.1999999999999993 -1.939037694458574 1 00056.png

57 -0.1830127018922194 -0.18301270189221935 -0.6830127018922192 0.6830127018922194 -0.12517847126013426 1.200000000000001 3.661259916680796 1 00057.png

58 -0.5000000000000001 -0.5 0.4999999999999999 -0.5 3.9666666666666663 1.1999999999999995 -1.7222222222222234 1 00058.png

59 -0.6830127018922194 -0.6830127018922192 -0.1830127018922193 0.18301270189221935 -3.4748215287398665 1.199999999999999 -2.5741229905671625 1 00059.png

60 -0.1830127018922194 -0.18301270189221935 -0.6830127018922192 0.6830127018922194 -0.4918451379268012 1.2000000000000013 4.296345212789384 1 00060.png

61 -0.5000000000000001 -0.5 0.4999999999999999 -0.5 4.7 1.1999999999999995 -1.7222222222222237 1 00061.png

62 -0.6830127018922194 -0.6830127018922192 -0.1830127018922193 0.18301270189221935 -3.8414881954065336 1.1999999999999988 -3.209208286675751 1 00062.png

63 -0.1830127018922194 -0.18301270189221935 -0.6830127018922192 0.6830127018922194 -0.8585118045934679 1.2000000000000013 4.931430508897972 1 00063.png

64 -0.5000000000000001 -0.5 0.4999999999999999 -0.5 0.29999999999999943 1.1999999999999995 -2.4333333333333336 1 00064.png

65 -0.6830127018922194 -0.6830127018922192 -0.1830127018922193 0.18301270189221935 -2.2573284825421336 1.2000000000000004 0.9568590455313348 1 00065.png

66 -0.1830127018922194 -0.18301270189221935 -0.6830127018922192 0.6830127018922194 1.9573284825421335 1.2000000000000004 1.4764742878019979 1 00066.png

67 -0.5000000000000001 -0.5 0.4999999999999999 -0.5 1.033333333333333 1.1999999999999995 -2.433333333333334 1 00067.png

68 -0.6830127018922194 -0.6830127018922192 -0.1830127018922193 0.18301270189221935 -2.6239951492088003 1.2000000000000002 0.3217737494227464 1 00068.png

69 -0.1830127018922194 -0.18301270189221935 -0.6830127018922192 0.6830127018922194 1.5906618158754666 1.2000000000000006 2.1115595839105863 1 00069.png

70 -0.5000000000000001 -0.5 0.4999999999999999 -0.5 1.7666666666666664 1.1999999999999995 -2.433333333333334 1 00070.png

71 -0.6830127018922194 -0.6830127018922192 -0.1830127018922193 0.18301270189221935 -2.990661815875467 1.2 -0.31331154668584205 1 00071.png

72 -0.1830127018922194 -0.18301270189221935 -0.6830127018922192 0.6830127018922194 1.2239951492088 1.2000000000000008 2.7466448800191747 1 00072.png

73 -0.5000000000000001 -0.5 0.4999999999999999 -0.5 2.4999999999999996 1.1999999999999995 -2.433333333333334 1 00073.png

74 -0.6830127018922194 -0.6830127018922192 -0.1830127018922193 0.18301270189221935 -3.3573284825421337 1.1999999999999997 -0.94839684279443 1 00074.png

75 -0.1830127018922194 -0.18301270189221935 -0.6830127018922192 0.6830127018922194 0.8573284825421332 1.200000000000001 3.3817301761277627 1 00075.png

76 -0.5000000000000001 -0.5 0.4999999999999999 -0.5 3.233333333333333 1.1999999999999995 -2.4333333333333345 1 00076.png

77 -0.6830127018922194 -0.6830127018922192 -0.1830127018922193 0.18301270189221935 -3.7239951492088004 1.1999999999999995 -1.5834821389030185 1 00077.png

78 -0.1830127018922194 -0.18301270189221935 -0.6830127018922192 0.6830127018922194 0.4906618158754663 1.2000000000000013 4.016815472236351 1 00078.png

79 -0.5000000000000001 -0.5 0.4999999999999999 -0.5 3.9666666666666663 1.1999999999999995 -2.4333333333333345 1 00079.png

80 -0.6830127018922194 -0.6830127018922192 -0.1830127018922193 0.18301270189221935 -4.0906618158754675 1.1999999999999993 -2.218567435011607 1 00080.png

81 -0.1830127018922194 -0.18301270189221935 -0.6830127018922192 0.6830127018922194 0.1239951492087994 1.2000000000000015 4.651900768344939 1 00081.png

82 -0.5000000000000001 -0.5 0.4999999999999999 -0.5 4.699999999999999 1.1999999999999995 -2.4333333333333345 1 00082.png

83 -0.6830127018922194 -0.6830127018922192 -0.1830127018922193 0.18301270189221935 -4.457328482542134 1.199999999999999 -2.8536527311201954 1 00083.png

84 -0.1830127018922194 -0.18301270189221935 -0.6830127018922192 0.6830127018922194 -0.2426715174578673 1.2000000000000015 5.286986064453528 1 00084.png

85 -0.5000000000000001 -0.5 0.4999999999999999 -0.5 0.29999999999999927 1.1999999999999993 -3.144444444444445 1 00085.png

86 -0.6830127018922194 -0.6830127018922192 -0.1830127018922193 0.18301270189221935 -2.8731687696777346 1.2000000000000004 1.3124146010868905 1 00086.png

87 -0.1830127018922194 -0.18301270189221935 -0.6830127018922192 0.6830127018922194 2.5731687696777343 1.2000000000000004 1.8320298433575537 1 00087.png

88 -0.5000000000000001 -0.5 0.4999999999999999 -0.5 1.0333333333333328 1.1999999999999993 -3.1444444444444453 1 00088.png

89 -0.6830127018922194 -0.6830127018922192 -0.1830127018922193 0.18301270189221935 -3.2398354363444013 1.2000000000000002 0.677329304978302 1 00089.png

90 -0.1830127018922194 -0.18301270189221935 -0.6830127018922192 0.6830127018922194 2.206502103011067 1.2000000000000006 2.4671151394661424 1 00090.png

91 -0.5000000000000001 -0.5 0.4999999999999999 -0.5 1.7666666666666662 1.1999999999999993 -3.1444444444444453 1 00091.png

92 -0.6830127018922194 -0.6830127018922192 -0.1830127018922193 0.18301270189221935 -3.606502103011068 1.2 0.04224400886971358 1 00092.png

93 -0.1830127018922194 -0.18301270189221935 -0.6830127018922192 0.6830127018922194 1.8398354363444005 1.2000000000000008 3.102200435574731 1 00093.png

94 -0.5000000000000001 -0.5 0.4999999999999999 -0.5 2.499999999999999 1.1999999999999993 -3.1444444444444453 1 00094.png

95 -0.6830127018922194 -0.6830127018922192 -0.1830127018922193 0.18301270189221935 -3.9731687696777347 1.1999999999999997 -0.5928412872388744 1 00095.png

96 -0.1830127018922194 -0.18301270189221935 -0.6830127018922192 0.6830127018922194 1.4731687696777338 1.200000000000001 3.7372857316833183 1 00096.png

97 -0.5000000000000001 -0.5 0.4999999999999999 -0.5 3.2333333333333325 1.1999999999999993 -3.1444444444444457 1 00097.png

98 -0.6830127018922194 -0.6830127018922192 -0.1830127018922193 0.18301270189221935 -4.339835436344401 1.1999999999999995 -1.2279265833474629 1 00098.png

99 -0.1830127018922194 -0.18301270189221935 -0.6830127018922192 0.6830127018922194 1.1065021030110669 1.2000000000000013 4.372371027791907 1 00099.png

100 -0.5000000000000001 -0.5 0.4999999999999999 -0.5 3.966666666666666 1.1999999999999993 -3.1444444444444457 1 00100.png

101 -0.6830127018922194 -0.6830127018922192 -0.1830127018922193 0.18301270189221935 -4.7065021030110685 1.1999999999999993 -1.8630118794560513 1 00101.png

102 -0.1830127018922194 -0.18301270189221935 -0.6830127018922192 0.6830127018922194 0.7398354363444 1.2000000000000015 5.007456323900495 1 00102.png

103 -0.5000000000000001 -0.5 0.4999999999999999 -0.5 4.699999999999999 1.1999999999999993 -3.1444444444444457 1 00103.png

104 -0.6830127018922194 -0.6830127018922192 -0.1830127018922193 0.18301270189221935 -5.073168769677735 1.199999999999999 -2.4980971755646397 1 00104.png

105 -0.1830127018922194 -0.18301270189221935 -0.6830127018922192 0.6830127018922194 0.37316876967773327 1.2000000000000015 5.642541620009084 1 00105.png

106 -0.5000000000000001 -0.5 0.4999999999999999 -0.5 0.29999999999999916 1.199999999999999 -3.855555555555556 1 00106.png

107 -0.6830127018922194 -0.6830127018922192 -0.1830127018922193 0.18301270189221935 -3.4890090568133356 1.2000000000000004 1.667970156642446 1 00107.png

108 -0.1830127018922194 -0.18301270189221935 -0.6830127018922192 0.6830127018922194 3.1890090568133354 1.2000000000000006 2.1875853989131095 1 00108.png

109 -0.5000000000000001 -0.5 0.4999999999999999 -0.5 1.0333333333333325 1.199999999999999 -3.8555555555555565 1 00109.png

110 -0.6830127018922194 -0.6830127018922192 -0.1830127018922193 0.18301270189221935 -3.8556757234800023 1.2000000000000002 1.0328848605338576 1 00110.png

111 -0.1830127018922194 -0.18301270189221935 -0.6830127018922192 0.6830127018922194 2.822342390146668 1.2000000000000008 2.8226706950216975 1 00111.png

112 -0.5000000000000001 -0.5 0.4999999999999999 -0.5 1.766666666666666 1.199999999999999 -3.8555555555555565 1 00112.png

113 -0.6830127018922194 -0.6830127018922192 -0.1830127018922193 0.18301270189221935 -4.222342390146669 1.2 0.3977995644252692 1 00113.png

114 -0.1830127018922194 -0.18301270189221935 -0.6830127018922192 0.6830127018922194 2.4556757234800015 1.200000000000001 3.457755991130286 1 00114.png

115 -0.5000000000000001 -0.5 0.4999999999999999 -0.5 2.499999999999999 1.199999999999999 -3.8555555555555565 1 00115.png

116 -0.6830127018922194 -0.6830127018922192 -0.1830127018922193 0.18301270189221935 -4.589009056813335 1.1999999999999997 -0.2372857316833188 1 00116.png

117 -0.1830127018922194 -0.18301270189221935 -0.6830127018922192 0.6830127018922194 2.089009056813335 1.2000000000000013 4.092841287238874 1 00117.png

118 -0.5000000000000001 -0.5 0.4999999999999999 -0.5 3.2333333333333325 1.199999999999999 -3.855555555555557 1 00118.png

119 -0.6830127018922194 -0.6830127018922192 -0.1830127018922193 0.18301270189221935 -4.955675723480002 1.1999999999999995 -0.8723710277919072 1 00119.png

120 -0.1830127018922194 -0.18301270189221935 -0.6830127018922192 0.6830127018922194 1.722342390146668 1.2000000000000015 4.727926583347463 1 00120.png

121 -0.5000000000000001 -0.5 0.4999999999999999 -0.5 3.966666666666666 1.199999999999999 -3.855555555555557 1 00121.png

122 -0.6830127018922194 -0.6830127018922192 -0.1830127018922193 0.18301270189221935 -5.3223423901466695 1.1999999999999993 -1.5074563239004957 1 00122.png

123 -0.1830127018922194 -0.18301270189221935 -0.6830127018922192 0.6830127018922194 1.355675723480001 1.2000000000000017 5.363011879456051 1 00123.png

124 -0.5000000000000001 -0.5 0.4999999999999999 -0.5 4.699999999999999 1.199999999999999 -3.855555555555557 1 00124.png

125 -0.6830127018922194 -0.6830127018922192 -0.1830127018922193 0.18301270189221935 -5.689009056813336 1.199999999999999 -2.142541620009084 1 00125.png

126 -0.1830127018922194 -0.18301270189221935 -0.6830127018922192 0.6830127018922194 0.9890090568133343 1.2000000000000017 5.99809717556464 1 00126.png

127 -0.5000000000000001 -0.5 0.4999999999999999 -0.5 0.299999999999999 1.1999999999999988 -4.566666666666666 1 00127.png

128 -0.6830127018922194 -0.6830127018922192 -0.1830127018922193 0.18301270189221935 -4.104849343948936 1.2000000000000006 2.0235257121980013 1 00128.png

129 -0.1830127018922194 -0.18301270189221935 -0.6830127018922192 0.6830127018922194 3.8048493439489355 1.2000000000000006 2.5431409544686647 1 00129.png

130 -0.5000000000000001 -0.5 0.4999999999999999 -0.5 1.0333333333333323 1.1999999999999988 -4.566666666666666 1 00130.png

131 -0.6830127018922194 -0.6830127018922192 -0.1830127018922193 0.18301270189221935 -4.471516010615603 1.2000000000000004 1.3884404160894128 1 00131.png

132 -0.1830127018922194 -0.18301270189221935 -0.6830127018922192 0.6830127018922194 3.4381826772822683 1.2000000000000008 3.178226250577253 1 00132.png

133 -0.5000000000000001 -0.5 0.4999999999999999 -0.5 1.7666666666666657 1.1999999999999988 -4.566666666666666 1 00133.png

134 -0.6830127018922194 -0.6830127018922192 -0.1830127018922193 0.18301270189221935 -4.838182677282269 1.2000000000000002 0.7533551199808244 1 00134.png

135 -0.1830127018922194 -0.18301270189221935 -0.6830127018922192 0.6830127018922194 3.0715160106156016 1.200000000000001 3.8133115466858416 1 00135.png

136 -0.5000000000000001 -0.5 0.4999999999999999 -0.5 2.499999999999999 1.1999999999999988 -4.566666666666667 1 00136.png

137 -0.6830127018922194 -0.6830127018922192 -0.1830127018922193 0.18301270189221935 -5.204849343948936 1.2 0.11826982387223639 1 00137.png

138 -0.1830127018922194 -0.18301270189221935 -0.6830127018922192 0.6830127018922194 2.704849343948935 1.2000000000000013 4.44839684279443 1 00138.png

139 -0.5000000000000001 -0.5 0.4999999999999999 -0.5 3.2333333333333325 1.1999999999999988 -4.566666666666667 1 00139.png

140 -0.6830127018922194 -0.6830127018922192 -0.1830127018922193 0.18301270189221935 -5.5715160106156025 1.1999999999999997 -0.516815472236352 1 00140.png

141 -0.1830127018922194 -0.18301270189221935 -0.6830127018922192 0.6830127018922194 2.3381826772822683 1.2000000000000015 5.083482138903018 1 00141.png

142 -0.5000000000000001 -0.5 0.4999999999999999 -0.5 3.966666666666666 1.1999999999999988 -4.566666666666667 1 00142.png

143 -0.6830127018922194 -0.6830127018922192 -0.1830127018922193 0.18301270189221935 -5.938182677282269 1.1999999999999995 -1.1519007683449405 1 00143.png

144 -0.1830127018922194 -0.18301270189221935 -0.6830127018922192 0.6830127018922194 1.9715160106156011 1.2000000000000017 5.7185674350116065 1 00144.png

145 -0.5000000000000001 -0.5 0.4999999999999999 -0.5 4.699999999999999 1.1999999999999988 -4.566666666666667 1 00145.png

146 -0.6830127018922194 -0.6830127018922192 -0.1830127018922193 0.18301270189221935 -6.304849343948936 1.1999999999999993 -1.786986064453529 1 00146.png

147 -0.1830127018922194 -0.18301270189221935 -0.6830127018922192 0.6830127018922194 1.6048493439489344 1.2000000000000017 6.353652731120195 1 00147.png

148 -0.5000000000000001 -0.5 0.4999999999999999 -0.5 0.2999999999999988 1.1999999999999988 -5.277777777777778 1 00148.png

149 -0.6830127018922194 -0.6830127018922192 -0.1830127018922193 0.18301270189221935 -4.720689631084538 1.2000000000000006 2.379081267753557 1 00149.png

150 -0.1830127018922194 -0.18301270189221935 -0.6830127018922192 0.6830127018922194 4.420689631084536 1.2000000000000008 2.8986965100242204 1 00150.png

151 -0.5000000000000001 -0.5 0.4999999999999999 -0.5 1.0333333333333323 1.1999999999999988 -5.277777777777778 1 00151.png

152 -0.6830127018922194 -0.6830127018922192 -0.1830127018922193 0.18301270189221935 -5.087356297751204 1.2000000000000004 1.7439959716449684 1 00152.png

153 -0.1830127018922194 -0.18301270189221935 -0.6830127018922192 0.6830127018922194 4.05402296441787 1.200000000000001 3.533781806132809 1 00153.png

154 -0.5000000000000001 -0.5 0.4999999999999999 -0.5 1.7666666666666657 1.1999999999999988 -5.277777777777778 1 00154.png

155 -0.6830127018922194 -0.6830127018922192 -0.1830127018922193 0.18301270189221935 -5.454022964417871 1.2000000000000002 1.10891067553638 1 00155.png

156 -0.1830127018922194 -0.18301270189221935 -0.6830127018922192 0.6830127018922194 3.6873562977512027 1.2000000000000013 4.168867102241397 1 00156.png

157 -0.5000000000000001 -0.5 0.4999999999999999 -0.5 2.4999999999999987 1.1999999999999988 -5.277777777777779 1 00157.png

158 -0.6830127018922194 -0.6830127018922192 -0.1830127018922193 0.18301270189221935 -5.820689631084537 1.2 0.473825379427792 1 00158.png

159 -0.1830127018922194 -0.18301270189221935 -0.6830127018922192 0.6830127018922194 3.320689631084536 1.2000000000000015 4.803952398349985 1 00159.png

160 -0.5000000000000001 -0.5 0.4999999999999999 -0.5 3.233333333333332 1.1999999999999988 -5.277777777777779 1 00160.png

161 -0.6830127018922194 -0.6830127018922192 -0.1830127018922193 0.18301270189221935 -6.187356297751204 1.1999999999999997 -0.16125991668079642 1 00161.png

162 -0.1830127018922194 -0.18301270189221935 -0.6830127018922192 0.6830127018922194 2.9540229644178693 1.2000000000000017 5.439037694458573 1 00162.png

163 -0.5000000000000001 -0.5 0.4999999999999999 -0.5 3.9666666666666655 1.1999999999999988 -5.277777777777779 1 00163.png

164 -0.6830127018922194 -0.6830127018922192 -0.1830127018922193 0.18301270189221935 -6.554022964417871 1.1999999999999995 -0.7963452127893849 1 00164.png

165 -0.1830127018922194 -0.18301270189221935 -0.6830127018922192 0.6830127018922194 2.587356297751202 1.200000000000002 6.074122990567162 1 00165.png

166 -0.5000000000000001 -0.5 0.4999999999999999 -0.5 4.699999999999999 1.1999999999999988 -5.277777777777779 1 00166.png

167 -0.6830127018922194 -0.6830127018922192 -0.1830127018922193 0.18301270189221935 -6.920689631084537 1.1999999999999993 -1.4314305088979733 1 00167.png

168 -0.1830127018922194 -0.18301270189221935 -0.6830127018922192 0.6830127018922194 2.2206896310845354 1.200000000000002 6.70920828667575 1 00168.png

169 -0.5000000000000001 -0.5 0.4999999999999999 -0.5 0.29999999999999866 1.1999999999999986 -5.988888888888889 1 00169.png

170 -0.6830127018922194 -0.6830127018922192 -0.1830127018922193 0.18301270189221935 -5.336529918220138 1.2000000000000008 2.7346368233091125 1 00170.png

171 -0.1830127018922194 -0.18301270189221935 -0.6830127018922192 0.6830127018922194 5.036529918220137 1.2000000000000008 3.254252065579776 1 00171.png

172 -0.5000000000000001 -0.5 0.4999999999999999 -0.5 1.033333333333332 1.1999999999999986 -5.988888888888889 1 00172.png

173 -0.6830127018922194 -0.6830127018922192 -0.1830127018922193 0.18301270189221935 -5.703196584886804 1.2000000000000006 2.099551527200524 1 00173.png

174 -0.1830127018922194 -0.18301270189221935 -0.6830127018922192 0.6830127018922194 4.669863251553471 1.200000000000001 3.8893373616883644 1 00174.png

175 -0.5000000000000001 -0.5 0.4999999999999999 -0.5 1.7666666666666655 1.1999999999999986 -5.988888888888889 1 00175.png

176 -0.6830127018922194 -0.6830127018922192 -0.1830127018922193 0.18301270189221935 -6.069863251553471 1.2000000000000004 1.4644662310919356 1 00176.png

177 -0.1830127018922194 -0.18301270189221935 -0.6830127018922192 0.6830127018922194 4.303196584886804 1.2000000000000013 4.524422657796952 1 00177.png

178 -0.5000000000000001 -0.5 0.4999999999999999 -0.5 2.4999999999999987 1.1999999999999986 -5.98888888888889 1 00178.png

179 -0.6830127018922194 -0.6830127018922192 -0.1830127018922193 0.18301270189221935 -6.436529918220137 1.2000000000000002 0.8293809349833476 1 00179.png

180 -0.1830127018922194 -0.18301270189221935 -0.6830127018922192 0.6830127018922194 3.936529918220137 1.2000000000000015 5.159507953905541 1 00180.png

181 -0.5000000000000001 -0.5 0.4999999999999999 -0.5 3.233333333333332 1.1999999999999986 -5.98888888888889 1 00181.png

182 -0.6830127018922194 -0.6830127018922192 -0.1830127018922193 0.18301270189221935 -6.803196584886804 1.2 0.1942956388747592 1 00182.png

183 -0.1830127018922194 -0.18301270189221935 -0.6830127018922192 0.6830127018922194 3.5698632515534703 1.2000000000000017 5.794593250014129 1 00183.png

184 -0.5000000000000001 -0.5 0.4999999999999999 -0.5 3.9666666666666655 1.1999999999999986 -5.98888888888889 1 00184.png

185 -0.6830127018922194 -0.6830127018922192 -0.1830127018922193 0.18301270189221935 -7.169863251553471 1.1999999999999997 -0.44078965723382924 1 00185.png

186 -0.1830127018922194 -0.18301270189221935 -0.6830127018922192 0.6830127018922194 3.203196584886803 1.200000000000002 6.429678546122718 1 00186.png

187 -0.5000000000000001 -0.5 0.4999999999999999 -0.5 4.699999999999999 1.1999999999999986 -5.98888888888889 1 00187.png

188 -0.6830127018922194 -0.6830127018922192 -0.1830127018922193 0.18301270189221935 -7.536529918220138 1.1999999999999995 -1.0758749533424177 1 00188.png

189 -0.1830127018922194 -0.18301270189221935 -0.6830127018922192 0.6830127018922194 2.8365299182201364 1.200000000000002 7.064763842231306 1 00189.png

190 -0.5000000000000001 -0.5 0.4999999999999999 -0.5 0.2999999999999985 1.1999999999999984 -6.7 1 00190.png

191 -0.6830127018922194 -0.6830127018922192 -0.1830127018922193 0.18301270189221935 -5.952370205355739 1.2000000000000008 3.090192378864668 1 00191.png

192 -0.1830127018922194 -0.18301270189221935 -0.6830127018922192 0.6830127018922194 5.652370205355738 1.200000000000001 3.609807621135332 1 00192.png

193 -0.5000000000000001 -0.5 0.4999999999999999 -0.5 1.0333333333333319 1.1999999999999984 -6.7 1 00193.png

194 -0.6830127018922194 -0.6830127018922192 -0.1830127018922193 0.18301270189221935 -6.319036872022405 1.2000000000000006 2.4551070827560797 1 00194.png

195 -0.1830127018922194 -0.18301270189221935 -0.6830127018922192 0.6830127018922194 5.285703538689072 1.2000000000000013 4.24489291724392 1 00195.png

196 -0.5000000000000001 -0.5 0.4999999999999999 -0.5 1.7666666666666653 1.1999999999999984 -6.7 1 00196.png

197 -0.6830127018922194 -0.6830127018922192 -0.1830127018922193 0.18301270189221935 -6.685703538689072 1.2000000000000004 1.8200217866474913 1 00197.png

198 -0.1830127018922194 -0.18301270189221935 -0.6830127018922192 0.6830127018922194 4.919036872022405 1.2000000000000015 4.8799782133525085 1 00198.png

199 -0.5000000000000001 -0.5 0.4999999999999999 -0.5 2.4999999999999987 1.1999999999999984 -6.700000000000001 1 00199.png

200 -0.6830127018922194 -0.6830127018922192 -0.1830127018922193 0.18301270189221935 -7.052370205355738 1.2000000000000002 1.1849364905389033 1 00200.png

201 -0.1830127018922194 -0.18301270189221935 -0.6830127018922192 0.6830127018922194 4.5523702053557376 1.2000000000000017 5.515063509461097 1 00201.png

202 -0.5000000000000001 -0.5 0.4999999999999999 -0.5 3.233333333333332 1.1999999999999984 -6.700000000000001 1 00202.png

203 -0.6830127018922194 -0.6830127018922192 -0.1830127018922193 0.18301270189221935 -7.419036872022405 1.2 0.5498511944303148 1 00203.png

204 -0.1830127018922194 -0.18301270189221935 -0.6830127018922192 0.6830127018922194 4.185703538689071 1.200000000000002 6.150148805569685 1 00204.png

205 -0.5000000000000001 -0.5 0.4999999999999999 -0.5 3.9666666666666655 1.1999999999999984 -6.700000000000001 1 00205.png

206 -0.6830127018922194 -0.6830127018922192 -0.1830127018922193 0.18301270189221935 -7.785703538689072 1.1999999999999997 -0.08523410167827361 1 00206.png

207 -0.1830127018922194 -0.18301270189221935 -0.6830127018922192 0.6830127018922194 3.819036872022404 1.2000000000000022 6.785234101678274 1 00207.png

208 -0.5000000000000001 -0.5 0.4999999999999999 -0.5 4.699999999999998 1.1999999999999984 -6.700000000000001 1 00208.png

209 -0.6830127018922194 -0.6830127018922192 -0.1830127018922193 0.18301270189221935 -8.152370205355739 1.1999999999999995 -0.720319397786862 1 00209.png

210 -0.1830127018922194 -0.18301270189221935 -0.6830127018922192 0.6830127018922194 3.4523702053557375 1.2000000000000022 7.420319397786862 1 00210.png

