1564 0.50000000 0.50000000 -0.50000000 0.50000000 2.80000000 1.00000000 -5.80000000 1 pos_X5.8_Y2.8_Z1.0_Yaw0.png
1565 0.68301270 0.68301270 0.18301270 -0.18301270 -6.42294734 1.00000000 0.47512887 1 pos_X5.8_Y2.8_Z1.0_Yaw120.png
1566 -0.18301270 -0.18301270 -0.68301270 0.68301270 3.62294734 1.00000000 5.32487113 1 pos_X5.8_Y2.8_Z1.0_Yaw240.png
1567 0.50000000 0.50000000 -0.50000000 0.50000000 2.80000000 1.50000000 -5.80000000 1 pos_X5.8_Y2.8_Z1.5_Yaw0.png
1568 0.68301270 0.68301270 0.18301270 -0.18301270 -6.42294734 1.50000000 0.47512887 1 pos_X5.8_Y2.8_Z1.5_Yaw120.png
1569 -0.18301270 -0.18301270 -0.68301270 0.68301270 3.62294734 1.50000000 5.32487113 1 pos_X5.8_Y2.8_Z1.5_Yaw240.png
1570 0.50000000 0.50000000 -0.50000000 0.50000000 2.80000000 2.00000000 -5.80000000 1 pos_X5.8_Y2.8_Z2.0_Yaw0.png
1571 0.68301270 0.68301270 0.18301270 -0.18301270 -6.42294734 2.00000000 0.47512887 1 pos_X5.8_Y2.8_Z2.0_Yaw120.png
1572 -0.18301270 -0.18301270 -0.68301270 0.68301270 3.62294734 2.00000000 5.32487113 1 pos_X5.8_Y2.8_Z2.0_Yaw240.png
1579 0.50000000 0.50000000 -0.50000000 0.50000000 3.30000000 1.00000000 -5.80000000 1 pos_X5.8_Y3.3_Z1.0_Yaw0.png
1580 0.68301270 0.68301270 0.18301270 -0.18301270 -6.67294734 1.00000000 0.04211617 1 pos_X5.8_Y3.3_Z1.0_Yaw120.png
1581 -0.18301270 -0.18301270 -0.68301270 0.68301270 3.37294734 1.00000000 5.75788383 1 pos_X5.8_Y3.3_Z1.0_Yaw240.png
1582 0.50000000 0.50000000 -0.50000000 0.50000000 3.30000000 1.50000000 -5.80000000 1 pos_X5.8_Y3.3_Z1.5_Yaw0.png
1583 0.68301270 0.68301270 0.18301270 -0.18301270 -6.67294734 1.50000000 0.04211617 1 pos_X5.8_Y3.3_Z1.5_Yaw120.png
1584 -0.18301270 -0.18301270 -0.68301270 0.68301270 3.37294734 1.50000000 5.75788383 1 pos_X5.8_Y3.3_Z1.5_Yaw240.png
1585 0.50000000 0.50000000 -0.50000000 0.50000000 3.30000000 2.00000000 -5.80000000 1 pos_X5.8_Y3.3_Z2.0_Yaw0.png
1586 0.68301270 0.68301270 0.18301270 -0.18301270 -6.67294734 2.00000000 0.04211617 1 pos_X5.8_Y3.3_Z2.0_Yaw120.png
1587 -0.18301270 -0.18301270 -0.68301270 0.68301270 3.37294734 2.00000000 5.75788383 1 pos_X5.8_Y3.3_Z2.0_Yaw240.png
1591 0.50000000 0.50000000 -0.50000000 0.50000000 3.80000000 0.50000000 -5.80000000 1 pos_X5.8_Y3.8_Z0.5_Yaw0.png
1592 0.68301270 0.68301270 0.18301270 -0.18301270 -6.92294734 0.50000000 -0.39089653 1 pos_X5.8_Y3.8_Z0.5_Yaw120.png
1593 -0.18301270 -0.18301270 -0.68301270 0.68301270 3.12294734 0.50000000 6.19089653 1 pos_X5.8_Y3.8_Z0.5_Yaw240.png
1594 0.50000000 0.50000000 -0.50000000 0.50000000 3.80000000 1.00000000 -5.80000000 1 pos_X5.8_Y3.8_Z1.0_Yaw0.png
1595 0.68301270 0.68301270 0.18301270 -0.18301270 -6.92294734 1.00000000 -0.39089653 1 pos_X5.8_Y3.8_Z1.0_Yaw120.png
1596 -0.18301270 -0.18301270 -0.68301270 0.68301270 3.12294734 1.00000000 6.19089653 1 pos_X5.8_Y3.8_Z1.0_Yaw240.png
1597 0.50000000 0.50000000 -0.50000000 0.50000000 3.80000000 1.50000000 -5.80000000 1 pos_X5.8_Y3.8_Z1.5_Yaw0.png
1598 0.68301270 0.68301270 0.18301270 -0.18301270 -6.92294734 1.50000000 -0.39089653 1 pos_X5.8_Y3.8_Z1.5_Yaw120.png
1599 -0.18301270 -0.18301270 -0.68301270 0.68301270 3.12294734 1.50000000 6.19089653 1 pos_X5.8_Y3.8_Z1.5_Yaw240.png
1600 0.50000000 0.50000000 -0.50000000 0.50000000 3.80000000 2.00000000 -5.80000000 1 pos_X5.8_Y3.8_Z2.0_Yaw0.png
1601 0.68301270 0.68301270 0.18301270 -0.18301270 -6.92294734 2.00000000 -0.39089653 1 pos_X5.8_Y3.8_Z2.0_Yaw120.png
1602 -0.18301270 -0.18301270 -0.68301270 0.68301270 3.12294734 2.00000000 6.19089653 1 pos_X5.8_Y3.8_Z2.0_Yaw240.png
1606 0.50000000 0.50000000 -0.50000000 0.50000000 4.30000000 0.50000000 -5.80000000 1 pos_X5.8_Y4.3_Z0.5_Yaw0.png
1607 0.68301270 0.68301270 0.18301270 -0.18301270 -7.17294734 0.50000000 -0.82390924 1 pos_X5.8_Y4.3_Z0.5_Yaw120.png
1608 -0.18301270 -0.18301270 -0.68301270 0.68301270 2.87294734 0.50000000 6.62390924 1 pos_X5.8_Y4.3_Z0.5_Yaw240.png
1609 0.50000000 0.50000000 -0.50000000 0.50000000 4.30000000 1.00000000 -5.80000000 1 pos_X5.8_Y4.3_Z1.0_Yaw0.png
1610 0.68301270 0.68301270 0.18301270 -0.18301270 -7.17294734 1.00000000 -0.82390924 1 pos_X5.8_Y4.3_Z1.0_Yaw120.png
1611 -0.18301270 -0.18301270 -0.68301270 0.68301270 2.87294734 1.00000000 6.62390924 1 pos_X5.8_Y4.3_Z1.0_Yaw240.png
1699 0.50000000 0.50000000 -0.50000000 0.50000000 2.80000000 1.00000000 -6.30000000 1 pos_X6.3_Y2.8_Z1.0_Yaw0.png
1700 0.68301270 0.68301270 0.18301270 -0.18301270 -6.85596004 1.00000000 0.72512887 1 pos_X6.3_Y2.8_Z1.0_Yaw120.png
1701 -0.18301270 -0.18301270 -0.68301270 0.68301270 4.05596004 1.00000000 5.57487113 1 pos_X6.3_Y2.8_Z1.0_Yaw240.png
1702 0.50000000 0.50000000 -0.50000000 0.50000000 2.80000000 1.50000000 -6.30000000 1 pos_X6.3_Y2.8_Z1.5_Yaw0.png
1703 0.68301270 0.68301270 0.18301270 -0.18301270 -6.85596004 1.50000000 0.72512887 1 pos_X6.3_Y2.8_Z1.5_Yaw120.png
1704 -0.18301270 -0.18301270 -0.68301270 0.68301270 4.05596004 1.50000000 5.57487113 1 pos_X6.3_Y2.8_Z1.5_Yaw240.png
1705 0.50000000 0.50000000 -0.50000000 0.50000000 2.80000000 2.00000000 -6.30000000 1 pos_X6.3_Y2.8_Z2.0_Yaw0.png
1706 0.68301270 0.68301270 0.18301270 -0.18301270 -6.85596004 2.00000000 0.72512887 1 pos_X6.3_Y2.8_Z2.0_Yaw120.png
1707 -0.18301270 -0.18301270 -0.68301270 0.68301270 4.05596004 2.00000000 5.57487113 1 pos_X6.3_Y2.8_Z2.0_Yaw240.png
1714 0.50000000 0.50000000 -0.50000000 0.50000000 3.30000000 1.00000000 -6.30000000 1 pos_X6.3_Y3.3_Z1.0_Yaw0.png
1715 0.68301270 0.68301270 0.18301270 -0.18301270 -7.10596004 1.00000000 0.29211617 1 pos_X6.3_Y3.3_Z1.0_Yaw120.png
1716 -0.18301270 -0.18301270 -0.68301270 0.68301270 3.80596004 1.00000000 6.00788383 1 pos_X6.3_Y3.3_Z1.0_Yaw240.png
1717 0.50000000 0.50000000 -0.50000000 0.50000000 3.30000000 1.50000000 -6.30000000 1 pos_X6.3_Y3.3_Z1.5_Yaw0.png
1718 0.68301270 0.68301270 0.18301270 -0.18301270 -7.10596004 1.50000000 0.29211617 1 pos_X6.3_Y3.3_Z1.5_Yaw120.png
1719 -0.18301270 -0.18301270 -0.68301270 0.68301270 3.80596004 1.50000000 6.00788383 1 pos_X6.3_Y3.3_Z1.5_Yaw240.png
1720 0.50000000 0.50000000 -0.50000000 0.50000000 3.30000000 2.00000000 -6.30000000 1 pos_X6.3_Y3.3_Z2.0_Yaw0.png
1721 0.68301270 0.68301270 0.18301270 -0.18301270 -7.10596004 2.00000000 0.29211617 1 pos_X6.3_Y3.3_Z2.0_Yaw120.png
1722 -0.18301270 -0.18301270 -0.68301270 0.68301270 3.80596004 2.00000000 6.00788383 1 pos_X6.3_Y3.3_Z2.0_Yaw240.png
1726 0.50000000 0.50000000 -0.50000000 0.50000000 3.80000000 0.50000000 -6.30000000 1 pos_X6.3_Y3.8_Z0.5_Yaw0.png
1727 0.68301270 0.68301270 0.18301270 -0.18301270 -7.35596004 0.50000000 -0.14089653 1 pos_X6.3_Y3.8_Z0.5_Yaw120.png
1728 -0.18301270 -0.18301270 -0.68301270 0.68301270 3.55596004 0.50000000 6.44089653 1 pos_X6.3_Y3.8_Z0.5_Yaw240.png
1729 0.50000000 0.50000000 -0.50000000 0.50000000 3.80000000 1.00000000 -6.30000000 1 pos_X6.3_Y3.8_Z1.0_Yaw0.png
1730 0.68301270 0.68301270 0.18301270 -0.18301270 -7.35596004 1.00000000 -0.14089653 1 pos_X6.3_Y3.8_Z1.0_Yaw120.png
1731 -0.18301270 -0.18301270 -0.68301270 0.68301270 3.55596004 1.00000000 6.44089653 1 pos_X6.3_Y3.8_Z1.0_Yaw240.png
1732 0.50000000 0.50000000 -0.50000000 0.50000000 3.80000000 1.50000000 -6.30000000 1 pos_X6.3_Y3.8_Z1.5_Yaw0.png
1733 0.68301270 0.68301270 0.18301270 -0.18301270 -7.35596004 1.50000000 -0.14089653 1 pos_X6.3_Y3.8_Z1.5_Yaw120.png
1734 -0.18301270 -0.18301270 -0.68301270 0.68301270 3.55596004 1.50000000 6.44089653 1 pos_X6.3_Y3.8_Z1.5_Yaw240.png
1735 0.50000000 0.50000000 -0.50000000 0.50000000 3.80000000 2.00000000 -6.30000000 1 pos_X6.3_Y3.8_Z2.0_Yaw0.png
1736 0.68301270 0.68301270 0.18301270 -0.18301270 -7.35596004 2.00000000 -0.14089653 1 pos_X6.3_Y3.8_Z2.0_Yaw120.png
1737 -0.18301270 -0.18301270 -0.68301270 0.68301270 3.55596004 2.00000000 6.44089653 1 pos_X6.3_Y3.8_Z2.0_Yaw240.png
1741 0.50000000 0.50000000 -0.50000000 0.50000000 4.30000000 0.50000000 -6.30000000 1 pos_X6.3_Y4.3_Z0.5_Yaw0.png
1742 0.68301270 0.68301270 0.18301270 -0.18301270 -7.60596004 0.50000000 -0.57390924 1 pos_X6.3_Y4.3_Z0.5_Yaw120.png
1743 -0.18301270 -0.18301270 -0.68301270 0.68301270 3.30596004 0.50000000 6.87390924 1 pos_X6.3_Y4.3_Z0.5_Yaw240.png
1744 0.50000000 0.50000000 -0.50000000 0.50000000 4.30000000 1.00000000 -6.30000000 1 pos_X6.3_Y4.3_Z1.0_Yaw0.png
1745 0.68301270 0.68301270 0.18301270 -0.18301270 -7.60596004 1.00000000 -0.57390924 1 pos_X6.3_Y4.3_Z1.0_Yaw120.png
1746 -0.18301270 -0.18301270 -0.68301270 0.68301270 3.30596004 1.00000000 6.87390924 1 pos_X6.3_Y4.3_Z1.0_Yaw240.png
