1 -0.5000000000000001 -0.5 0.4999999999999999 -0.5 0.29999999999999993 1.2 -0.3000000000000003 1 00001.png

2 -0.6830127018922194 -0.6830127018922192 -0.1830127018922193 0.18301270189221935 -0.40980762113533153 1.2 -0.1098076211353319 1 00002.png

3 -0.1830127018922194 -0.18301270189221935 -0.6830127018922192 0.6830127018922194 0.10980762113533146 1.2 0.4098076211353312 1 00003.png

4 -0.5000000000000001 -0.5 0.4999999999999999 -0.5 0.9285714285714285 1.2 -0.3000000000000005 1 00004.png

5 -0.6830127018922194 -0.6830127018922192 -0.1830127018922193 0.18301270189221935 -0.7240933354210459 1.1999999999999997 -0.6541664463712648 1 00005.png

6 -0.1830127018922194 -0.18301270189221935 -0.6830127018922192 0.6830127018922194 -0.204478093150383 1.2000000000000002 0.9541664463712641 1 00006.png

7 -0.5000000000000001 -0.5 0.4999999999999999 -0.5 1.5571428571428574 1.2 -0.3000000000000006 1 00007.png

8 -0.6830127018922194 -0.6830127018922192 -0.1830127018922193 0.18301270189221935 -1.0383790497067602 1.1999999999999995 -1.1985252716071977 1 00008.png

9 -0.1830127018922194 -0.18301270189221935 -0.6830127018922192 0.6830127018922194 -0.5187638074360975 1.2000000000000004 1.498525271607197 1 00009.png

10 -0.5000000000000001 -0.5 0.4999999999999999 -0.5 2.185714285714286 1.2 -0.30000000000000077 1 00010.png

11 -0.6830127018922194 -0.6830127018922192 -0.1830127018922193 0.18301270189221935 -1.3526647639924745 1.1999999999999993 -1.7428840968431305 1 00011.png

12 -0.1830127018922194 -0.18301270189221935 -0.6830127018922192 0.6830127018922194 -0.8330495217218119 1.2000000000000006 2.04288409684313 1 00012.png

13 -0.5000000000000001 -0.5 0.4999999999999999 -0.5 2.8142857142857145 1.2 -0.3000000000000009 1 00013.png

14 -0.6830127018922194 -0.6830127018922192 -0.1830127018922193 0.18301270189221935 -1.6669504782781888 1.199999999999999 -2.2872429220790638 1 00014.png

15 -0.1830127018922194 -0.18301270189221935 -0.6830127018922192 0.6830127018922194 -1.1473352360075264 1.2000000000000006 2.5872429220790627 1 00015.png

16 -0.5000000000000001 -0.5 0.4999999999999999 -0.5 3.442857142857143 1.2 -0.30000000000000104 1 00016.png

17 -0.6830127018922194 -0.6830127018922192 -0.1830127018922193 0.18301270189221935 -1.981236192563903 1.199999999999999 -2.8316017473149966 1 00017.png

18 -0.1830127018922194 -0.18301270189221935 -0.6830127018922192 0.6830127018922194 -1.4616209502932407 1.2000000000000008 3.1316017473149955 1 00018.png

19 -0.5000000000000001 -0.5 0.4999999999999999 -0.5 4.071428571428572 1.2 -0.30000000000000115 1 00019.png

20 -0.6830127018922194 -0.6830127018922192 -0.1830127018922193 0.18301270189221935 -2.2955219068496175 1.1999999999999988 -3.37596057255093 1 00020.png

21 -0.1830127018922194 -0.18301270189221935 -0.6830127018922192 0.6830127018922194 -1.7759066645789554 1.200000000000001 3.675960572550929 1 00021.png

22 -0.5000000000000001 -0.5 0.4999999999999999 -0.5 4.7 1.2 -0.3000000000000013 1 00022.png

23 -0.6830127018922194 -0.6830127018922192 -0.1830127018922193 0.18301270189221935 -2.6098076211353316 1.1999999999999986 -3.9203193977868622 1 00023.png

24 -0.1830127018922194 -0.18301270189221935 -0.6830127018922192 0.6830127018922194 -2.0901923788646695 1.200000000000001 4.220319397786861 1 00024.png

25 -0.5000000000000001 -0.5 0.4999999999999999 -0.5 0.29999999999999977 1.1999999999999997 -0.8818181818181822 1 00025.png

26 -0.6830127018922194 -0.6830127018922192 -0.1830127018922193 0.18301270189221935 -0.9136769469735504 1.2000000000000002 0.18110146977375902 1 00026.png

27 -0.1830127018922194 -0.18301270189221935 -0.6830127018922192 0.6830127018922194 0.6136769469735502 1.2000000000000002 0.7007167120444222 1 00027.png

28 -0.5000000000000001 -0.5 0.4999999999999999 -0.5 0.9285714285714284 1.1999999999999997 -0.8818181818181823 1 00028.png

29 -0.6830127018922194 -0.6830127018922192 -0.1830127018922193 0.18301270189221935 -1.2279626612592647 1.2 -0.36325735546217386 1 00029.png

30 -0.1830127018922194 -0.18301270189221935 -0.6830127018922192 0.6830127018922194 0.29939123268783574 1.2000000000000004 1.2450755372803552 1 00030.png

31 -0.5000000000000001 -0.5 0.4999999999999999 -0.5 1.5571428571428572 1.1999999999999997 -0.8818181818181824 1 00031.png

32 -0.6830127018922194 -0.6830127018922192 -0.1830127018922193 0.18301270189221935 -1.542248375544979 1.1999999999999997 -0.9076161806981068 1 00032.png

33 -0.1830127018922194 -0.18301270189221935 -0.6830127018922192 0.6830127018922194 -0.014894481597878761 1.2000000000000006 1.789434362516288 1 00033.png

34 -0.5000000000000001 -0.5 0.4999999999999999 -0.5 2.185714285714286 1.1999999999999997 -0.8818181818181825 1 00034.png

35 -0.6830127018922194 -0.6830127018922192 -0.1830127018922193 0.18301270189221935 -1.8565340898306935 1.1999999999999995 -1.4519750059340395 1 00035.png

36 -0.1830127018922194 -0.18301270189221935 -0.6830127018922192 0.6830127018922194 -0.32918019588359315 1.2000000000000008 2.333793187752221 1 00036.png

37 -0.5000000000000001 -0.5 0.4999999999999999 -0.5 2.8142857142857145 1.1999999999999997 -0.8818181818181827 1 00037.png

38 -0.6830127018922194 -0.6830127018922192 -0.1830127018922193 0.18301270189221935 -2.1708198041164075 1.1999999999999993 -1.9963338311699728 1 00038.png

39 -0.1830127018922194 -0.18301270189221935 -0.6830127018922192 0.6830127018922194 -0.6434659101693077 1.2000000000000008 2.8781520129881537 1 00039.png

40 -0.5000000000000001 -0.5 0.4999999999999999 -0.5 3.442857142857143 1.1999999999999997 -0.8818181818181828 1 00040.png

41 -0.6830127018922194 -0.6830127018922192 -0.1830127018922193 0.18301270189221935 -2.485105518402122 1.1999999999999993 -2.5406926564059056 1 00041.png

42 -0.1830127018922194 -0.18301270189221935 -0.6830127018922192 0.6830127018922194 -0.9577516244550219 1.200000000000001 3.4225108382240865 1 00042.png

43 -0.5000000000000001 -0.5 0.4999999999999999 -0.5 4.071428571428572 1.1999999999999997 -0.881818181818183 1 00043.png

44 -0.6830127018922194 -0.6830127018922192 -0.1830127018922193 0.18301270189221935 -2.7993912326878365 1.199999999999999 -3.085051481641839 1 00044.png

45 -0.1830127018922194 -0.18301270189221935 -0.6830127018922192 0.6830127018922194 -1.2720373387407367 1.2000000000000013 3.9668696634600202 1 00045.png

46 -0.5000000000000001 -0.5 0.4999999999999999 -0.5 4.7 1.1999999999999997 -0.8818181818181831 1 00046.png

47 -0.6830127018922194 -0.6830127018922192 -0.1830127018922193 0.18301270189221935 -3.1136769469735506 1.1999999999999988 -3.629410306877771 1 00047.png

48 -0.1830127018922194 -0.18301270189221935 -0.6830127018922192 0.6830127018922194 -1.5863230530264507 1.2000000000000013 4.511228488695952 1 00048.png

49 -0.5000000000000001 -0.5 0.4999999999999999 -0.5 0.29999999999999966 1.1999999999999997 -1.463636363636364 1 00049.png

50 -0.6830127018922194 -0.6830127018922192 -0.1830127018922193 0.18301270189221935 -1.4175462728117694 1.2000000000000002 0.47201056068285 1 00050.png

51 -0.1830127018922194 -0.18301270189221935 -0.6830127018922192 0.6830127018922194 1.117546272811769 1.2000000000000002 0.9916258029535132 1 00051.png

52 -0.5000000000000001 -0.5 0.4999999999999999 -0.5 0.9285714285714283 1.1999999999999997 -1.4636363636363643 1 00052.png

53 -0.6830127018922194 -0.6830127018922192 -0.1830127018922193 0.18301270189221935 -1.7318319870974839 1.2 -0.07234826455308285 1 00053.png

54 -0.1830127018922194 -0.18301270189221935 -0.6830127018922192 0.6830127018922194 0.8032605585260547 1.2000000000000004 1.5359846281894463 1 00054.png

55 -0.5000000000000001 -0.5 0.4999999999999999 -0.5 1.5571428571428572 1.1999999999999997 -1.4636363636363645 1 00055.png

56 -0.6830127018922194 -0.6830127018922192 -0.1830127018922193 0.18301270189221935 -2.0461177013831984 1.1999999999999997 -0.6167070897890158 1 00056.png

57 -0.1830127018922194 -0.18301270189221935 -0.6830127018922192 0.6830127018922194 0.4889748442403402 1.2000000000000006 2.080343453425379 1 00057.png

58 -0.5000000000000001 -0.5 0.4999999999999999 -0.5 2.1857142857142855 1.1999999999999997 -1.4636363636363645 1 00058.png

59 -0.6830127018922194 -0.6830127018922192 -0.1830127018922193 0.18301270189221935 -2.3604034156689124 1.1999999999999995 -1.1610659150249485 1 00059.png

60 -0.1830127018922194 -0.18301270189221935 -0.6830127018922192 0.6830127018922194 0.17468912995462582 1.2000000000000008 2.624702278661312 1 00060.png

61 -0.5000000000000001 -0.5 0.4999999999999999 -0.5 2.814285714285714 1.1999999999999997 -1.4636363636363647 1 00061.png

62 -0.6830127018922194 -0.6830127018922192 -0.1830127018922193 0.18301270189221935 -2.6746891299546265 1.1999999999999993 -1.7054247402608818 1 00062.png

63 -0.1830127018922194 -0.18301270189221935 -0.6830127018922192 0.6830127018922194 -0.13959658433108868 1.2000000000000008 3.1690611038972447 1 00063.png

64 -0.5000000000000001 -0.5 0.4999999999999999 -0.5 3.4428571428571426 1.1999999999999997 -1.4636363636363647 1 00064.png

65 -0.6830127018922194 -0.6830127018922192 -0.1830127018922193 0.18301270189221935 -2.988974844240341 1.1999999999999993 -2.2497835654968146 1 00065.png

66 -0.1830127018922194 -0.18301270189221935 -0.6830127018922192 0.6830127018922194 -0.45388229861680296 1.200000000000001 3.7134199291331775 1 00066.png

67 -0.5000000000000001 -0.5 0.4999999999999999 -0.5 4.071428571428572 1.1999999999999997 -1.463636363636365 1 00067.png

68 -0.6830127018922194 -0.6830127018922192 -0.1830127018922193 0.18301270189221935 -3.3032605585260555 1.199999999999999 -2.794142390732748 1 00068.png

69 -0.1830127018922194 -0.18301270189221935 -0.6830127018922192 0.6830127018922194 -0.7681680129025177 1.2000000000000013 4.257778754369111 1 00069.png

70 -0.5000000000000001 -0.5 0.4999999999999999 -0.5 4.7 1.1999999999999997 -1.4636363636363652 1 00070.png

71 -0.6830127018922194 -0.6830127018922192 -0.1830127018922193 0.18301270189221935 -3.6175462728117695 1.1999999999999988 -3.33850121596868 1 00071.png

72 -0.1830127018922194 -0.18301270189221935 -0.6830127018922192 0.6830127018922194 -1.0824537271882317 1.2000000000000013 4.802137579605043 1 00072.png

73 -0.5000000000000001 -0.5 0.4999999999999999 -0.5 0.29999999999999954 1.1999999999999995 -2.045454545454546 1 00073.png

74 -0.6830127018922194 -0.6830127018922192 -0.1830127018922193 0.18301270189221935 -1.921415598649988 1.2000000000000002 0.762919651591941 1 00074.png

75 -0.1830127018922194 -0.18301270189221935 -0.6830127018922192 0.6830127018922194 1.6214155986499876 1.2000000000000004 1.282534893862604 1 00075.png

76 -0.5000000000000001 -0.5 0.4999999999999999 -0.5 0.9285714285714282 1.1999999999999995 -2.045454545454546 1 00076.png

77 -0.6830127018922194 -0.6830127018922192 -0.1830127018922193 0.18301270189221935 -2.2357013129357024 1.2 0.21856082635600804 1 00077.png

78 -0.1830127018922194 -0.18301270189221935 -0.6830127018922192 0.6830127018922194 1.3071298843642731 1.2000000000000006 1.8268937190985368 1 00078.png

79 -0.5000000000000001 -0.5 0.4999999999999999 -0.5 1.557142857142857 1.1999999999999995 -2.0454545454545463 1 00079.png

80 -0.6830127018922194 -0.6830127018922192 -0.1830127018922193 0.18301270189221935 -2.549987027221417 1.1999999999999997 -0.3257979988799249 1 00080.png

81 -0.1830127018922194 -0.18301270189221935 -0.6830127018922192 0.6830127018922194 0.9928441700785587 1.2000000000000008 2.37125254433447 1 00081.png

82 -0.5000000000000001 -0.5 0.4999999999999999 -0.5 2.1857142857142855 1.1999999999999995 -2.0454545454545463 1 00082.png

83 -0.6830127018922194 -0.6830127018922192 -0.1830127018922193 0.18301270189221935 -2.864272741507131 1.1999999999999995 -0.8701568241158577 1 00083.png

84 -0.1830127018922194 -0.18301270189221935 -0.6830127018922192 0.6830127018922194 0.6785584557928444 1.200000000000001 2.915611369570403 1 00084.png

85 -0.5000000000000001 -0.5 0.4999999999999999 -0.5 2.814285714285714 1.1999999999999995 -2.0454545454545463 1 00085.png

86 -0.6830127018922194 -0.6830127018922192 -0.1830127018922193 0.18301270189221935 -3.178558455792845 1.1999999999999993 -1.4145156493517907 1 00086.png

87 -0.1830127018922194 -0.18301270189221935 -0.6830127018922192 0.6830127018922194 0.36427274150712985 1.200000000000001 3.4599701948063357 1 00087.png

88 -0.5000000000000001 -0.5 0.4999999999999999 -0.5 3.4428571428571426 1.1999999999999995 -2.0454545454545467 1 00088.png

89 -0.6830127018922194 -0.6830127018922192 -0.1830127018922193 0.18301270189221935 -3.4928441700785595 1.1999999999999993 -1.9588744745877236 1 00089.png

90 -0.1830127018922194 -0.18301270189221935 -0.6830127018922192 0.6830127018922194 0.04998702722141557 1.2000000000000013 4.0043290200422685 1 00090.png

91 -0.5000000000000001 -0.5 0.4999999999999999 -0.5 4.071428571428571 1.1999999999999995 -2.0454545454545467 1 00091.png

92 -0.6830127018922194 -0.6830127018922192 -0.1830127018922193 0.18301270189221935 -3.807129884364274 1.199999999999999 -2.503233299823657 1 00092.png

93 -0.1830127018922194 -0.18301270189221935 -0.6830127018922192 0.6830127018922194 -0.26429868706429915 1.2000000000000015 4.548687845278202 1 00093.png

94 -0.5000000000000001 -0.5 0.4999999999999999 -0.5 4.699999999999999 1.1999999999999995 -2.0454545454545467 1 00094.png

95 -0.6830127018922194 -0.6830127018922192 -0.1830127018922193 0.18301270189221935 -4.121415598649988 1.1999999999999988 -3.047592125059589 1 00095.png

96 -0.1830127018922194 -0.18301270189221935 -0.6830127018922192 0.6830127018922194 -0.5785844013500132 1.2000000000000015 5.093046670514134 1 00096.png

97 -0.5000000000000001 -0.5 0.4999999999999999 -0.5 0.2999999999999994 1.1999999999999993 -2.627272727272728 1 00097.png

98 -0.6830127018922194 -0.6830127018922192 -0.1830127018922193 0.18301270189221935 -2.425284924488207 1.2000000000000004 1.053828742501032 1 00098.png

99 -0.1830127018922194 -0.18301270189221935 -0.6830127018922192 0.6830127018922194 2.1252849244882066 1.2000000000000004 1.573443984771695 1 00099.png

100 -0.5000000000000001 -0.5 0.4999999999999999 -0.5 0.928571428571428 1.1999999999999993 -2.627272727272728 1 00100.png

101 -0.6830127018922194 -0.6830127018922192 -0.1830127018922193 0.18301270189221935 -2.7395706387739214 1.2000000000000002 0.509469917265099 1 00101.png

102 -0.1830127018922194 -0.18301270189221935 -0.6830127018922192 0.6830127018922194 1.810999210202492 1.2000000000000006 2.117802810007628 1 00102.png

103 -0.5000000000000001 -0.5 0.4999999999999999 -0.5 1.5571428571428567 1.1999999999999993 -2.6272727272727283 1 00103.png

104 -0.6830127018922194 -0.6830127018922192 -0.1830127018922193 0.18301270189221935 -3.0538563530596354 1.2 -0.03488890797083388 1 00104.png

105 -0.1830127018922194 -0.18301270189221935 -0.6830127018922192 0.6830127018922194 1.4967134959167776 1.2000000000000008 2.662161635243561 1 00105.png

106 -0.5000000000000001 -0.5 0.4999999999999999 -0.5 2.1857142857142855 1.1999999999999993 -2.6272727272727283 1 00106.png

107 -0.6830127018922194 -0.6830127018922192 -0.1830127018922193 0.18301270189221935 -3.36814206734535 1.1999999999999997 -0.5792477332067667 1 00107.png

108 -0.1830127018922194 -0.18301270189221935 -0.6830127018922192 0.6830127018922194 1.182427781631063 1.200000000000001 3.206520460479494 1 00108.png

109 -0.5000000000000001 -0.5 0.4999999999999999 -0.5 2.814285714285714 1.1999999999999993 -2.6272727272727283 1 00109.png

110 -0.6830127018922194 -0.6830127018922192 -0.1830127018922193 0.18301270189221935 -3.6824277816310644 1.1999999999999995 -1.1236065584426997 1 00110.png

111 -0.1830127018922194 -0.18301270189221935 -0.6830127018922192 0.6830127018922194 0.8681420673453486 1.200000000000001 3.7508792857154267 1 00111.png

112 -0.5000000000000001 -0.5 0.4999999999999999 -0.5 3.4428571428571426 1.1999999999999993 -2.6272727272727288 1 00112.png

113 -0.6830127018922194 -0.6830127018922192 -0.1830127018922193 0.18301270189221935 -3.9967134959167785 1.1999999999999995 -1.6679653836786326 1 00113.png

114 -0.1830127018922194 -0.18301270189221935 -0.6830127018922192 0.6830127018922194 0.5538563530596343 1.2000000000000013 4.2952381109513595 1 00114.png

115 -0.5000000000000001 -0.5 0.4999999999999999 -0.5 4.071428571428571 1.1999999999999993 -2.6272727272727288 1 00115.png

116 -0.6830127018922194 -0.6830127018922192 -0.1830127018922193 0.18301270189221935 -4.3109992102024925 1.1999999999999993 -2.212324208914566 1 00116.png

117 -0.1830127018922194 -0.18301270189221935 -0.6830127018922192 0.6830127018922194 0.2395706387739196 1.2000000000000015 4.839596936187293 1 00117.png

118 -0.5000000000000001 -0.5 0.4999999999999999 -0.5 4.699999999999999 1.1999999999999993 -2.6272727272727288 1 00118.png

119 -0.6830127018922194 -0.6830127018922192 -0.1830127018922193 0.18301270189221935 -4.6252849244882075 1.199999999999999 -2.756683034150498 1 00119.png

120 -0.1830127018922194 -0.18301270189221935 -0.6830127018922192 0.6830127018922194 -0.07471507551179446 1.2000000000000015 5.383955761423225 1 00120.png

121 -0.5000000000000001 -0.5 0.4999999999999999 -0.5 0.29999999999999927 1.1999999999999993 -3.20909090909091 1 00121.png

122 -0.6830127018922194 -0.6830127018922192 -0.1830127018922193 0.18301270189221935 -2.929154250326426 1.2000000000000004 1.344737833410123 1 00122.png

123 -0.1830127018922194 -0.18301270189221935 -0.6830127018922192 0.6830127018922194 2.6291542503264256 1.2000000000000004 1.8643530756807862 1 00123.png

124 -0.5000000000000001 -0.5 0.4999999999999999 -0.5 0.9285714285714279 1.1999999999999993 -3.20909090909091 1 00124.png

125 -0.6830127018922194 -0.6830127018922192 -0.1830127018922193 0.18301270189221935 -3.2434399646121403 1.2000000000000002 0.80037900817419 1 00125.png

126 -0.1830127018922194 -0.18301270189221935 -0.6830127018922192 0.6830127018922194 2.314868536040711 1.2000000000000006 2.4087119009167193 1 00126.png

127 -0.5000000000000001 -0.5 0.4999999999999999 -0.5 1.5571428571428567 1.1999999999999993 -3.2090909090909103 1 00127.png

128 -0.6830127018922194 -0.6830127018922192 -0.1830127018922193 0.18301270189221935 -3.557725678897855 1.2 0.2560201829382571 1 00128.png

129 -0.1830127018922194 -0.18301270189221935 -0.6830127018922192 0.6830127018922194 2.0005828217549966 1.2000000000000008 2.953070726152652 1 00129.png

130 -0.5000000000000001 -0.5 0.4999999999999999 -0.5 2.185714285714285 1.1999999999999993 -3.2090909090909103 1 00130.png

131 -0.6830127018922194 -0.6830127018922192 -0.1830127018922193 0.18301270189221935 -3.872011393183569 1.1999999999999997 -0.2883386422976757 1 00131.png

132 -0.1830127018922194 -0.18301270189221935 -0.6830127018922192 0.6830127018922194 1.686297107469282 1.200000000000001 3.497429551388585 1 00132.png

133 -0.5000000000000001 -0.5 0.4999999999999999 -0.5 2.8142857142857136 1.1999999999999993 -3.2090909090909103 1 00133.png

134 -0.6830127018922194 -0.6830127018922192 -0.1830127018922193 0.18301270189221935 -4.186297107469283 1.1999999999999995 -0.8326974675336087 1 00134.png

135 -0.1830127018922194 -0.18301270189221935 -0.6830127018922192 0.6830127018922194 1.3720113931835676 1.200000000000001 4.041788376624518 1 00135.png

136 -0.5000000000000001 -0.5 0.4999999999999999 -0.5 3.442857142857142 1.1999999999999993 -3.2090909090909108 1 00136.png

137 -0.6830127018922194 -0.6830127018922192 -0.1830127018922193 0.18301270189221935 -4.500582821754998 1.1999999999999995 -1.3770562927695416 1 00137.png

138 -0.1830127018922194 -0.18301270189221935 -0.6830127018922192 0.6830127018922194 1.0577256788978533 1.2000000000000013 4.5861472018604506 1 00138.png

139 -0.5000000000000001 -0.5 0.4999999999999999 -0.5 4.071428571428571 1.1999999999999993 -3.2090909090909108 1 00139.png

140 -0.6830127018922194 -0.6830127018922192 -0.1830127018922193 0.18301270189221935 -4.814868536040712 1.1999999999999993 -1.9214151180054748 1 00140.png

141 -0.1830127018922194 -0.18301270189221935 -0.6830127018922192 0.6830127018922194 0.7434399646121386 1.2000000000000015 5.130506027096384 1 00141.png

142 -0.5000000000000001 -0.5 0.4999999999999999 -0.5 4.699999999999999 1.1999999999999993 -3.2090909090909108 1 00142.png

143 -0.6830127018922194 -0.6830127018922192 -0.1830127018922193 0.18301270189221935 -5.129154250326426 1.199999999999999 -2.465773943241407 1 00143.png

144 -0.1830127018922194 -0.18301270189221935 -0.6830127018922192 0.6830127018922194 0.4291542503264245 1.2000000000000015 5.674864852332316 1 00144.png

145 -0.5000000000000001 -0.5 0.4999999999999999 -0.5 0.29999999999999916 1.199999999999999 -3.7909090909090915 1 00145.png

146 -0.6830127018922194 -0.6830127018922192 -0.1830127018922193 0.18301270189221935 -3.4330235761646444 1.2000000000000004 1.6356469243192135 1 00146.png

147 -0.1830127018922194 -0.18301270189221935 -0.6830127018922192 0.6830127018922194 3.133023576164644 1.2000000000000006 2.155262166589877 1 00147.png

148 -0.5000000000000001 -0.5 0.4999999999999999 -0.5 0.9285714285714277 1.199999999999999 -3.7909090909090915 1 00148.png

149 -0.6830127018922194 -0.6830127018922192 -0.1830127018922193 0.18301270189221935 -3.747309290450359 1.2000000000000002 1.0912880990832807 1 00149.png

150 -0.1830127018922194 -0.18301270189221935 -0.6830127018922192 0.6830127018922194 2.8187378618789296 1.2000000000000008 2.69962099182581 1 00150.png

151 -0.5000000000000001 -0.5 0.4999999999999999 -0.5 1.5571428571428565 1.199999999999999 -3.790909090909092 1 00151.png

152 -0.6830127018922194 -0.6830127018922192 -0.1830127018922193 0.18301270189221935 -4.061595004736073 1.2 0.5469292738473477 1 00152.png

153 -0.1830127018922194 -0.18301270189221935 -0.6830127018922192 0.6830127018922194 2.504452147593215 1.200000000000001 3.243979817061743 1 00153.png

154 -0.5000000000000001 -0.5 0.4999999999999999 -0.5 2.185714285714285 1.199999999999999 -3.790909090909092 1 00154.png

155 -0.6830127018922194 -0.6830127018922192 -0.1830127018922193 0.18301270189221935 -4.375880719021787 1.1999999999999997 0.002570448611414866 1 00155.png

156 -0.1830127018922194 -0.18301270189221935 -0.6830127018922192 0.6830127018922194 2.1901664333075006 1.2000000000000013 3.788338642297676 1 00156.png

157 -0.5000000000000001 -0.5 0.4999999999999999 -0.5 2.8142857142857136 1.199999999999999 -3.790909090909092 1 00157.png

158 -0.6830127018922194 -0.6830127018922192 -0.1830127018922193 0.18301270189221935 -4.6901664333075015 1.1999999999999995 -0.5417883766245182 1 00158.png

159 -0.1830127018922194 -0.18301270189221935 -0.6830127018922192 0.6830127018922194 1.875880719021786 1.2000000000000013 4.332697467533609 1 00159.png

160 -0.5000000000000001 -0.5 0.4999999999999999 -0.5 3.442857142857142 1.199999999999999 -3.7909090909090923 1 00160.png

161 -0.6830127018922194 -0.6830127018922192 -0.1830127018922193 0.18301270189221935 -5.004452147593216 1.1999999999999995 -1.086147201860451 1 00161.png

162 -0.1830127018922194 -0.18301270189221935 -0.6830127018922192 0.6830127018922194 1.5615950047360718 1.2000000000000015 4.877056292769542 1 00162.png

163 -0.5000000000000001 -0.5 0.4999999999999999 -0.5 4.071428571428571 1.199999999999999 -3.7909090909090923 1 00163.png

164 -0.6830127018922194 -0.6830127018922192 -0.1830127018922193 0.18301270189221935 -5.3187378618789305 1.1999999999999993 -1.6305060270963843 1 00164.png

165 -0.1830127018922194 -0.18301270189221935 -0.6830127018922192 0.6830127018922194 1.247309290450357 1.2000000000000017 5.421415118005475 1 00165.png

166 -0.5000000000000001 -0.5 0.4999999999999999 -0.5 4.699999999999999 1.199999999999999 -3.7909090909090923 1 00166.png

167 -0.6830127018922194 -0.6830127018922192 -0.1830127018922193 0.18301270189221935 -5.6330235761646446 1.199999999999999 -2.1748648523323166 1 00167.png

168 -0.1830127018922194 -0.18301270189221935 -0.6830127018922192 0.6830127018922194 0.933023576164643 1.2000000000000017 5.965773943241407 1 00168.png

169 -0.5000000000000001 -0.5 0.4999999999999999 -0.5 0.29999999999999905 1.199999999999999 -4.372727272727273 1 00169.png

170 -0.6830127018922194 -0.6830127018922192 -0.1830127018922193 0.18301270189221935 -3.9368929020028633 1.2000000000000006 1.9265560152283046 1 00170.png

171 -0.1830127018922194 -0.18301270189221935 -0.6830127018922192 0.6830127018922194 3.636892902002863 1.2000000000000006 2.446171257498968 1 00171.png

172 -0.5000000000000001 -0.5 0.4999999999999999 -0.5 0.9285714285714276 1.199999999999999 -4.372727272727273 1 00172.png

173 -0.6830127018922194 -0.6830127018922192 -0.1830127018922193 0.18301270189221935 -4.251178616288578 1.2000000000000004 1.3821971899923717 1 00173.png

174 -0.1830127018922194 -0.18301270189221935 -0.6830127018922192 0.6830127018922194 3.3226071877171486 1.2000000000000008 2.990530082734901 1 00174.png

175 -0.5000000000000001 -0.5 0.4999999999999999 -0.5 1.5571428571428565 1.199999999999999 -4.372727272727273 1 00175.png

176 -0.6830127018922194 -0.6830127018922192 -0.1830127018922193 0.18301270189221935 -4.565464330574292 1.2000000000000002 0.8378383647564387 1 00176.png

177 -0.1830127018922194 -0.18301270189221935 -0.6830127018922192 0.6830127018922194 3.008321473431434 1.200000000000001 3.534888907970834 1 00177.png

178 -0.5000000000000001 -0.5 0.4999999999999999 -0.5 2.185714285714285 1.199999999999999 -4.372727272727274 1 00178.png

179 -0.6830127018922194 -0.6830127018922192 -0.1830127018922193 0.18301270189221935 -4.879750044860007 1.2 0.29347953952050587 1 00179.png

180 -0.1830127018922194 -0.18301270189221935 -0.6830127018922192 0.6830127018922194 2.6940357591457196 1.2000000000000013 4.079247733206767 1 00180.png

181 -0.5000000000000001 -0.5 0.4999999999999999 -0.5 2.8142857142857136 1.199999999999999 -4.372727272727274 1 00181.png

182 -0.6830127018922194 -0.6830127018922192 -0.1830127018922193 0.18301270189221935 -5.194035759145721 1.1999999999999997 -0.25087928571542717 1 00182.png

183 -0.1830127018922194 -0.18301270189221935 -0.6830127018922192 0.6830127018922194 2.379750044860005 1.2000000000000013 4.6236065584427 1 00183.png

184 -0.5000000000000001 -0.5 0.4999999999999999 -0.5 3.442857142857142 1.199999999999999 -4.372727272727274 1 00184.png

185 -0.6830127018922194 -0.6830127018922192 -0.1830127018922193 0.18301270189221935 -5.508321473431435 1.1999999999999997 -0.79523811095136 1 00185.png

186 -0.1830127018922194 -0.18301270189221935 -0.6830127018922192 0.6830127018922194 2.065464330574291 1.2000000000000015 5.167965383678633 1 00186.png

187 -0.5000000000000001 -0.5 0.4999999999999999 -0.5 4.071428571428571 1.199999999999999 -4.372727272727274 1 00187.png

188 -0.6830127018922194 -0.6830127018922192 -0.1830127018922193 0.18301270189221935 -5.82260718771715 1.1999999999999995 -1.3395969361872933 1 00188.png

189 -0.1830127018922194 -0.18301270189221935 -0.6830127018922192 0.6830127018922194 1.751178616288576 1.2000000000000017 5.712324208914566 1 00189.png

190 -0.5000000000000001 -0.5 0.4999999999999999 -0.5 4.699999999999999 1.199999999999999 -4.372727272727274 1 00190.png

191 -0.6830127018922194 -0.6830127018922192 -0.1830127018922193 0.18301270189221935 -6.136892902002863 1.1999999999999993 -1.8839557614232256 1 00191.png

192 -0.1830127018922194 -0.18301270189221935 -0.6830127018922192 0.6830127018922194 1.436892902002862 1.2000000000000017 6.256683034150498 1 00192.png

193 -0.5000000000000001 -0.5 0.4999999999999999 -0.5 0.2999999999999989 1.1999999999999988 -4.954545454545455 1 00193.png

194 -0.6830127018922194 -0.6830127018922192 -0.1830127018922193 0.18301270189221935 -4.440762227841083 1.2000000000000006 2.2174651061373956 1 00194.png

195 -0.1830127018922194 -0.18301270189221935 -0.6830127018922192 0.6830127018922194 4.140762227841082 1.2000000000000008 2.737080348408059 1 00195.png

196 -0.5000000000000001 -0.5 0.4999999999999999 -0.5 0.9285714285714275 1.1999999999999988 -4.954545454545455 1 00196.png

197 -0.6830127018922194 -0.6830127018922192 -0.1830127018922193 0.18301270189221935 -4.755047942126797 1.2000000000000004 1.6731062809014627 1 00197.png

198 -0.1830127018922194 -0.18301270189221935 -0.6830127018922192 0.6830127018922194 3.8264765135553676 1.200000000000001 3.281439173643992 1 00198.png

199 -0.5000000000000001 -0.5 0.4999999999999999 -0.5 1.5571428571428563 1.1999999999999988 -4.954545454545455 1 00199.png

200 -0.6830127018922194 -0.6830127018922192 -0.1830127018922193 0.18301270189221935 -5.069333656412511 1.2000000000000002 1.1287474556655297 1 00200.png

201 -0.1830127018922194 -0.18301270189221935 -0.6830127018922192 0.6830127018922194 3.512190799269653 1.2000000000000013 3.825797998879925 1 00201.png

202 -0.5000000000000001 -0.5 0.4999999999999999 -0.5 2.185714285714285 1.1999999999999988 -4.954545454545456 1 00202.png

203 -0.6830127018922194 -0.6830127018922192 -0.1830127018922193 0.18301270189221935 -5.383619370698225 1.2 0.5843886304295969 1 00203.png

204 -0.1830127018922194 -0.18301270189221935 -0.6830127018922192 0.6830127018922194 3.1979050849839386 1.2000000000000015 4.370156824115858 1 00204.png

205 -0.5000000000000001 -0.5 0.4999999999999999 -0.5 2.8142857142857136 1.1999999999999988 -4.954545454545456 1 00205.png

206 -0.6830127018922194 -0.6830127018922192 -0.1830127018922193 0.18301270189221935 -5.69790508498394 1.1999999999999997 0.04002980519366384 1 00206.png

207 -0.1830127018922194 -0.18301270189221935 -0.6830127018922192 0.6830127018922194 2.883619370698224 1.2000000000000015 4.914515649351791 1 00207.png

208 -0.5000000000000001 -0.5 0.4999999999999999 -0.5 3.442857142857142 1.1999999999999988 -4.954545454545456 1 00208.png

209 -0.6830127018922194 -0.6830127018922192 -0.1830127018922193 0.18301270189221935 -6.012190799269654 1.1999999999999997 -0.504329020042269 1 00209.png

210 -0.1830127018922194 -0.18301270189221935 -0.6830127018922192 0.6830127018922194 2.5693336564125095 1.2000000000000017 5.458874474587724 1 00210.png

211 -0.5000000000000001 -0.5 0.4999999999999999 -0.5 4.071428571428571 1.1999999999999988 -4.954545454545456 1 00211.png

212 -0.6830127018922194 -0.6830127018922192 -0.1830127018922193 0.18301270189221935 -6.326476513555368 1.1999999999999995 -1.0486878452782022 1 00212.png

213 -0.1830127018922194 -0.18301270189221935 -0.6830127018922192 0.6830127018922194 2.255047942126795 1.200000000000002 6.003233299823657 1 00213.png

214 -0.5000000000000001 -0.5 0.4999999999999999 -0.5 4.699999999999999 1.1999999999999988 -4.954545454545456 1 00214.png

215 -0.6830127018922194 -0.6830127018922192 -0.1830127018922193 0.18301270189221935 -6.640762227841083 1.1999999999999993 -1.5930466705141346 1 00215.png

216 -0.1830127018922194 -0.18301270189221935 -0.6830127018922192 0.6830127018922194 1.940762227841081 1.200000000000002 6.547592125059589 1 00216.png

217 -0.5000000000000001 -0.5 0.4999999999999999 -0.5 0.29999999999999877 1.1999999999999986 -5.536363636363637 1 00217.png

218 -0.6830127018922194 -0.6830127018922192 -0.1830127018922193 0.18301270189221935 -4.944631553679302 1.2000000000000006 2.5083741970464866 1 00218.png

219 -0.1830127018922194 -0.18301270189221935 -0.6830127018922192 0.6830127018922194 4.6446315536793 1.2000000000000008 3.02798943931715 1 00219.png

220 -0.5000000000000001 -0.5 0.4999999999999999 -0.5 0.9285714285714274 1.1999999999999986 -5.536363636363637 1 00220.png

221 -0.6830127018922194 -0.6830127018922192 -0.1830127018922193 0.18301270189221935 -5.258917267965016 1.2000000000000004 1.9640153718105537 1 00221.png

222 -0.1830127018922194 -0.18301270189221935 -0.6830127018922192 0.6830127018922194 4.330345839393586 1.200000000000001 3.572348264553083 1 00222.png

223 -0.5000000000000001 -0.5 0.4999999999999999 -0.5 1.557142857142856 1.1999999999999986 -5.536363636363637 1 00223.png

224 -0.6830127018922194 -0.6830127018922192 -0.1830127018922193 0.18301270189221935 -5.57320298225073 1.2000000000000002 1.4196565465746207 1 00224.png

225 -0.1830127018922194 -0.18301270189221935 -0.6830127018922192 0.6830127018922194 4.016060125107871 1.2000000000000013 4.116707089789016 1 00225.png

226 -0.5000000000000001 -0.5 0.4999999999999999 -0.5 2.1857142857142846 1.1999999999999986 -5.536363636363638 1 00226.png

227 -0.6830127018922194 -0.6830127018922192 -0.1830127018922193 0.18301270189221935 -5.887488696536444 1.2 0.8752977213386879 1 00227.png

228 -0.1830127018922194 -0.18301270189221935 -0.6830127018922192 0.6830127018922194 3.701774410822157 1.2000000000000015 4.661065915024949 1 00228.png

229 -0.5000000000000001 -0.5 0.4999999999999999 -0.5 2.814285714285713 1.1999999999999986 -5.536363636363638 1 00229.png

230 -0.6830127018922194 -0.6830127018922192 -0.1830127018922193 0.18301270189221935 -6.201774410822159 1.1999999999999997 0.33093889610275484 1 00230.png

231 -0.1830127018922194 -0.18301270189221935 -0.6830127018922192 0.6830127018922194 3.3874886965364426 1.2000000000000015 5.205424740260882 1 00231.png

232 -0.5000000000000001 -0.5 0.4999999999999999 -0.5 3.4428571428571417 1.1999999999999986 -5.536363636363638 1 00232.png

233 -0.6830127018922194 -0.6830127018922192 -0.1830127018922193 0.18301270189221935 -6.516060125107873 1.1999999999999997 -0.21341992913317798 1 00233.png

234 -0.1830127018922194 -0.18301270189221935 -0.6830127018922192 0.6830127018922194 3.073202982250728 1.2000000000000017 5.749783565496815 1 00234.png

235 -0.5000000000000001 -0.5 0.4999999999999999 -0.5 4.071428571428571 1.1999999999999986 -5.536363636363638 1 00235.png

236 -0.6830127018922194 -0.6830127018922192 -0.1830127018922193 0.18301270189221935 -6.830345839393587 1.1999999999999995 -0.7577787543691112 1 00236.png

237 -0.1830127018922194 -0.18301270189221935 -0.6830127018922192 0.6830127018922194 2.7589172679650136 1.200000000000002 6.294142390732748 1 00237.png

238 -0.5000000000000001 -0.5 0.4999999999999999 -0.5 4.699999999999999 1.1999999999999986 -5.536363636363638 1 00238.png

239 -0.6830127018922194 -0.6830127018922192 -0.1830127018922193 0.18301270189221935 -7.144631553679302 1.1999999999999993 -1.3021375796050436 1 00239.png

240 -0.1830127018922194 -0.18301270189221935 -0.6830127018922192 0.6830127018922194 2.4446315536792995 1.200000000000002 6.83850121596868 1 00240.png

241 -0.5000000000000001 -0.5 0.4999999999999999 -0.5 0.29999999999999866 1.1999999999999986 -6.118181818181819 1 00241.png

242 -0.6830127018922194 -0.6830127018922192 -0.1830127018922193 0.18301270189221935 -5.448500879517521 1.2000000000000008 2.7992832879555776 1 00242.png

243 -0.1830127018922194 -0.18301270189221935 -0.6830127018922192 0.6830127018922194 5.14850087951752 1.200000000000001 3.3188985302262415 1 00243.png

244 -0.5000000000000001 -0.5 0.4999999999999999 -0.5 0.9285714285714273 1.1999999999999986 -6.118181818181819 1 00244.png

245 -0.6830127018922194 -0.6830127018922192 -0.1830127018922193 0.18301270189221935 -5.762786593803235 1.2000000000000006 2.2549244627196448 1 00245.png

246 -0.1830127018922194 -0.18301270189221935 -0.6830127018922192 0.6830127018922194 4.8342151652318055 1.2000000000000013 3.8632573554621743 1 00246.png

247 -0.5000000000000001 -0.5 0.4999999999999999 -0.5 1.557142857142856 1.1999999999999986 -6.118181818181819 1 00247.png

248 -0.6830127018922194 -0.6830127018922192 -0.1830127018922193 0.18301270189221935 -6.077072308088949 1.2000000000000004 1.7105656374837117 1 00248.png

249 -0.1830127018922194 -0.18301270189221935 -0.6830127018922192 0.6830127018922194 4.5199294509460906 1.2000000000000015 4.407616180698107 1 00249.png

250 -0.5000000000000001 -0.5 0.4999999999999999 -0.5 2.1857142857142846 1.1999999999999986 -6.11818181818182 1 00250.png

251 -0.6830127018922194 -0.6830127018922192 -0.1830127018922193 0.18301270189221935 -6.391358022374664 1.2000000000000002 1.166206812247779 1 00251.png

252 -0.1830127018922194 -0.18301270189221935 -0.6830127018922192 0.6830127018922194 4.2056437366603765 1.2000000000000017 4.95197500593404 1 00252.png

253 -0.5000000000000001 -0.5 0.4999999999999999 -0.5 2.814285714285713 1.1999999999999986 -6.11818181818182 1 00253.png

254 -0.6830127018922194 -0.6830127018922192 -0.1830127018922193 0.18301270189221935 -6.705643736660378 1.2 0.6218479870118458 1 00254.png

255 -0.1830127018922194 -0.18301270189221935 -0.6830127018922192 0.6830127018922194 3.891358022374662 1.2000000000000017 5.496333831169974 1 00255.png

256 -0.5000000000000001 -0.5 0.4999999999999999 -0.5 3.4428571428571417 1.1999999999999986 -6.11818181818182 1 00256.png

257 -0.6830127018922194 -0.6830127018922192 -0.1830127018922193 0.18301270189221935 -7.019929450946092 1.2 0.07748916177591303 1 00257.png

258 -0.1830127018922194 -0.18301270189221935 -0.6830127018922192 0.6830127018922194 3.5770723080889475 1.200000000000002 6.040692656405906 1 00258.png

259 -0.5000000000000001 -0.5 0.4999999999999999 -0.5 4.07142857142857 1.1999999999999986 -6.11818181818182 1 00259.png

260 -0.6830127018922194 -0.6830127018922192 -0.1830127018922193 0.18301270189221935 -7.334215165231807 1.1999999999999997 -0.46686966346002023 1 00260.png

261 -0.1830127018922194 -0.18301270189221935 -0.6830127018922192 0.6830127018922194 3.262786593803233 1.2000000000000022 6.585051481641839 1 00261.png

262 -0.5000000000000001 -0.5 0.4999999999999999 -0.5 4.699999999999998 1.1999999999999986 -6.11818181818182 1 00262.png

263 -0.6830127018922194 -0.6830127018922192 -0.1830127018922193 0.18301270189221935 -7.6485008795175204 1.1999999999999995 -1.0112284886959526 1 00263.png

264 -0.1830127018922194 -0.18301270189221935 -0.6830127018922192 0.6830127018922194 2.948500879517519 1.2000000000000022 7.129410306877771 1 00264.png

265 -0.5000000000000001 -0.5 0.4999999999999999 -0.5 0.2999999999999985 1.1999999999999984 -6.7 1 00265.png

266 -0.6830127018922194 -0.6830127018922192 -0.1830127018922193 0.18301270189221935 -5.952370205355739 1.2000000000000008 3.090192378864668 1 00266.png

267 -0.1830127018922194 -0.18301270189221935 -0.6830127018922192 0.6830127018922194 5.652370205355738 1.200000000000001 3.609807621135332 1 00267.png

268 -0.5000000000000001 -0.5 0.4999999999999999 -0.5 0.9285714285714272 1.1999999999999984 -6.7 1 00268.png

269 -0.6830127018922194 -0.6830127018922192 -0.1830127018922193 0.18301270189221935 -6.266655919641453 1.2000000000000006 2.5458335536287353 1 00269.png

270 -0.1830127018922194 -0.18301270189221935 -0.6830127018922192 0.6830127018922194 5.338084491070024 1.2000000000000013 4.154166446371265 1 00270.png

271 -0.5000000000000001 -0.5 0.4999999999999999 -0.5 1.5571428571428558 1.1999999999999984 -6.7 1 00271.png

272 -0.6830127018922194 -0.6830127018922192 -0.1830127018922193 0.18301270189221935 -6.580941633927167 1.2000000000000004 2.001474728392802 1 00272.png

273 -0.1830127018922194 -0.18301270189221935 -0.6830127018922192 0.6830127018922194 5.023798776784309 1.2000000000000015 4.698525271607198 1 00273.png

274 -0.5000000000000001 -0.5 0.4999999999999999 -0.5 2.1857142857142846 1.1999999999999984 -6.700000000000001 1 00274.png

275 -0.6830127018922194 -0.6830127018922192 -0.1830127018922193 0.18301270189221935 -6.895227348212881 1.2000000000000002 1.4571159031568695 1 00275.png

276 -0.1830127018922194 -0.18301270189221935 -0.6830127018922192 0.6830127018922194 4.709513062498595 1.2000000000000017 5.242884096843131 1 00276.png

277 -0.5000000000000001 -0.5 0.4999999999999999 -0.5 2.814285714285713 1.1999999999999984 -6.700000000000001 1 00277.png

278 -0.6830127018922194 -0.6830127018922192 -0.1830127018922193 0.18301270189221935 -7.209513062498596 1.2 0.9127570779209364 1 00278.png

279 -0.1830127018922194 -0.18301270189221935 -0.6830127018922192 0.6830127018922194 4.395227348212881 1.2000000000000017 5.787242922079064 1 00279.png

280 -0.5000000000000001 -0.5 0.4999999999999999 -0.5 3.4428571428571417 1.1999999999999984 -6.700000000000001 1 00280.png

281 -0.6830127018922194 -0.6830127018922192 -0.1830127018922193 0.18301270189221935 -7.52379877678431 1.2 0.3683982526850036 1 00281.png

282 -0.1830127018922194 -0.18301270189221935 -0.6830127018922192 0.6830127018922194 4.080941633927166 1.200000000000002 6.331601747314997 1 00282.png

283 -0.5000000000000001 -0.5 0.4999999999999999 -0.5 4.07142857142857 1.1999999999999984 -6.700000000000001 1 00283.png

284 -0.6830127018922194 -0.6830127018922192 -0.1830127018922193 0.18301270189221935 -7.838084491070024 1.1999999999999997 -0.17596057255092967 1 00284.png

285 -0.1830127018922194 -0.18301270189221935 -0.6830127018922192 0.6830127018922194 3.7666559196414515 1.2000000000000022 6.87596057255093 1 00285.png

286 -0.5000000000000001 -0.5 0.4999999999999999 -0.5 4.699999999999998 1.1999999999999984 -6.700000000000001 1 00286.png

287 -0.6830127018922194 -0.6830127018922192 -0.1830127018922193 0.18301270189221935 -8.152370205355739 1.1999999999999995 -0.720319397786862 1 00287.png

288 -0.1830127018922194 -0.18301270189221935 -0.6830127018922192 0.6830127018922194 3.4523702053557375 1.2000000000000022 7.420319397786862 1 00288.png

