1 -0.5000000000000001 -0.5 0.4999999999999999 -0.5 0.3999999999999999 1.2 -0.4000000000000004 1 00001.png

2 -0.6830127018922194 -0.6830127018922192 -0.1830127018922193 0.18301270189221935 -0.5464101615137755 1.1999999999999997 -0.14641016151377578 1 00002.png

3 -0.1830127018922194 -0.18301270189221935 -0.6830127018922192 0.6830127018922194 0.1464101615137753 1.2 0.5464101615137752 1 00003.png

4 -0.5000000000000001 -0.5 0.4999999999999999 -0.5 0.3999999999999999 1.5 -0.40000000000000047 1 00004.png

5 -0.6830127018922194 -0.6830127018922192 -0.1830127018922193 0.18301270189221935 -0.5464101615137755 1.5 -0.14641016151377587 1 00005.png

6 -0.1830127018922194 -0.18301270189221935 -0.6830127018922192 0.6830127018922194 0.1464101615137753 1.5 0.5464101615137751 1 00006.png

7 -0.5000000000000001 -0.5 0.4999999999999999 -0.5 0.3999999999999999 2.0 -0.4000000000000006 1 00007.png

8 -0.6830127018922194 -0.6830127018922192 -0.1830127018922193 0.18301270189221935 -0.5464101615137755 2.0 -0.146410161513776 1 00008.png

9 -0.1830127018922194 -0.18301270189221935 -0.6830127018922192 0.6830127018922194 0.1464101615137753 2.0 0.5464101615137749 1 00009.png

10 -0.5000000000000001 -0.5 0.4999999999999999 -0.5 1.4 1.2 -0.40000000000000063 1 00010.png

11 -0.6830127018922194 -0.6830127018922192 -0.1830127018922193 0.18301270189221935 -1.0464101615137755 1.1999999999999995 -1.0124355652982142 1 00011.png

12 -0.1830127018922194 -0.18301270189221935 -0.6830127018922192 0.6830127018922194 -0.3535898384862249 1.2000000000000004 1.4124355652982137 1 00012.png

13 -0.5000000000000001 -0.5 0.4999999999999999 -0.5 1.3999999999999997 1.1999999999999997 -1.0000000000000004 1 00013.png

14 -0.6830127018922194 -0.6830127018922192 -0.1830127018922193 0.18301270189221935 -1.5660254037844386 1.1999999999999997 -0.7124355652982143 1 00014.png

15 -0.1830127018922194 -0.18301270189221935 -0.6830127018922192 0.6830127018922194 0.1660254037844382 1.2000000000000006 1.7124355652982137 1 00015.png

16 -0.5000000000000001 -0.5 0.4999999999999999 -0.5 1.3999999999999997 1.6999999999999997 -1.0000000000000007 1 00016.png

17 -0.6830127018922194 -0.6830127018922192 -0.1830127018922193 0.18301270189221935 -1.5660254037844386 1.6999999999999997 -0.7124355652982144 1 00017.png

18 -0.1830127018922194 -0.18301270189221935 -0.6830127018922192 0.6830127018922194 0.1660254037844382 1.7000000000000006 1.7124355652982135 1 00018.png

19 -0.5000000000000001 -0.5 0.4999999999999999 -0.5 2.3 1.6999999999999997 -1.0000000000000009 1 00019.png

20 -0.6830127018922194 -0.6830127018922192 -0.1830127018922193 0.18301270189221935 -2.0160254037844387 1.6999999999999995 -1.4918584287042091 1 00020.png

21 -0.1830127018922194 -0.18301270189221935 -0.6830127018922192 0.6830127018922194 -0.28397459621556187 1.7000000000000008 2.4918584287042083 1 00021.png

22 -0.5000000000000001 -0.5 0.4999999999999999 -0.5 0.3999999999999999 1.4 -0.40000000000000047 1 00022.png

23 -0.6830127018922194 -0.6830127018922192 -0.1830127018922193 0.18301270189221935 -0.5464101615137755 1.4 -0.14641016151377584 1 00023.png

24 -0.1830127018922194 -0.18301270189221935 -0.6830127018922192 0.6830127018922194 0.1464101615137753 1.4 0.5464101615137751 1 00024.png

